Performance results for ./matrix/5.mtx | threads=32 | chunksize=1
L1-dcache-loads | L1-dcache-load-misses | LLC-loads | LLC-load-misses
134,375,572,321 | 419,187,377 | 32,457,925 | 16,888,918
134,375,644,179 | 427,591,211 | 31,604,363 | 17,121,383
134,382,943,806 | 424,826,768 | 32,364,040 | 17,280,898
134,382,716,976 | 423,544,533 | 32,765,505 | 17,604,270
134,375,469,034 | 433,684,940 | 32,519,546 | 17,212,503
134,375,543,981 | 420,970,558 | 32,939,188 | 17,199,382
134,380,915,313 | 424,151,232 | 32,782,875 | 17,483,947
134,375,563,058 | 413,381,450 | 32,629,395 | 17,038,221
134,375,484,447 | 420,017,405 | 32,750,025 | 17,189,513
134,382,989,431 | 432,297,461 | 32,405,806 | 17,435,441
