Performance results for ./matrix/4.mtx | threads=32 | chunksize=1
L1-dcache-loads | L1-dcache-load-misses | LLC-loads | LLC-load-misses
77,588,749,316 | 341,051,843 | 1,548,071 | 844,070
77,585,175,459 | 341,422,094 | 1,628,888 | 838,423
77,587,273,738 | 341,902,693 | 1,600,856 | 889,023
77,593,164,792 | 341,466,121 | 1,452,409 | 806,824
77,584,222,195 | 340,029,206 | 1,659,573 | 825,053
77,593,259,571 | 341,565,236 | 1,432,612 | 824,009
77,584,731,799 | 340,105,682 | 1,711,623 | 832,228
77,588,195,231 | 340,814,626 | 1,630,402 | 830,771
77,587,117,404 | 340,330,057 | 1,657,417 | 840,723
77,585,695,016 | 342,285,551 | 1,587,503 | 850,692
