Performance results for ./matrix/4.mtx | threads=1 | chunksize=1000
L1-dcache-loads | L1-dcache-load-misses | LLC-loads | LLC-load-misses
77,576,066,424 | 341,848,426 | 1,407,587 | 781,449
77,576,066,431 | 340,268,223 | 1,437,305 | 808,324
77,576,066,426 | 340,417,649 | 1,751,290 | 777,011
77,576,066,427 | 340,893,254 | 1,448,530 | 787,491
77,576,066,418 | 342,120,386 | 1,364,169 | 780,796
77,576,066,407 | 342,443,928 | 1,448,801 | 803,753
77,576,066,426 | 341,985,592 | 1,397,823 | 788,348
77,576,066,425 | 340,392,303 | 1,451,307 | 784,785
77,576,066,419 | 341,752,471 | 1,501,893 | 843,882
77,576,066,416 | 340,608,047 | 1,456,095 | 781,120
