Performance results for ./matrix/4.mtx | threads=1 | chunksize=100
L1-dcache-loads | L1-dcache-load-misses | LLC-loads | LLC-load-misses
77,576,066,415 | 341,342,283 | 1,281,359 | 759,811
77,576,066,416 | 341,044,475 | 1,408,448 | 793,125
77,576,066,413 | 342,005,932 | 1,613,027 | 788,898
77,576,066,423 | 342,217,788 | 1,522,194 | 839,798
77,576,066,414 | 340,153,122 | 1,457,277 | 779,657
77,576,066,422 | 340,982,691 | 1,400,190 | 794,346
77,576,066,433 | 339,597,619 | 1,587,046 | 787,468
77,576,066,421 | 340,422,489 | 1,411,337 | 792,766
77,576,066,414 | 341,082,184 | 1,433,938 | 797,419
77,576,066,415 | 342,407,133 | 1,428,302 | 806,267
