Performance results for ./matrix/5.mtx | threads=4 | chunksize=1000
L1-dcache-loads | L1-dcache-load-misses | LLC-loads | LLC-load-misses
134,358,449,490 | 405,707,897 | 21,430,492 | 13,222,037
134,358,449,528 | 403,648,219 | 21,333,680 | 12,914,743
134,358,468,606 | 404,802,345 | 21,378,924 | 12,936,043
134,358,449,533 | 402,289,577 | 21,355,753 | 12,935,962
134,358,449,626 | 403,554,361 | 21,209,423 | 12,897,073
134,358,456,543 | 405,118,855 | 21,385,301 | 12,986,315
134,358,449,521 | 401,479,616 | 21,367,202 | 12,901,777
134,358,451,043 | 405,422,447 | 21,226,095 | 13,003,262
134,358,449,601 | 403,798,529 | 21,474,995 | 12,976,998
134,358,449,627 | 404,904,779 | 21,431,052 | 13,190,982
