Performance results for ./matrix/3.mtx | threads=8 | chunksize=100
L1-dcache-loads | L1-dcache-load-misses | LLC-loads | LLC-load-misses
56,144,390,823 | 1,078,641,326 | 474,719,030 | 49,818,184
56,142,341,863 | 1,077,398,232 | 474,994,290 | 49,417,120
56,142,368,756 | 1,079,710,791 | 475,066,478 | 49,559,913
56,142,481,129 | 1,080,908,228 | 475,241,768 | 49,532,918
56,142,342,173 | 1,077,254,436 | 474,789,389 | 49,735,753
56,142,330,523 | 1,078,555,708 | 475,139,636 | 49,041,731
56,142,365,572 | 1,079,718,625 | 475,235,435 | 49,309,950
56,142,334,326 | 1,078,588,530 | 474,849,492 | 49,311,671
56,142,365,482 | 1,079,564,538 | 474,832,759 | 49,540,444
56,142,363,364 | 1,079,432,887 | 475,213,543 | 49,898,886
