Performance results for ./matrix/5.mtx | threads=32 | chunksize=1000
L1-dcache-loads | L1-dcache-load-misses | LLC-loads | LLC-load-misses
134,379,738,836 | 415,621,696 | 32,000,085 | 16,691,117
134,375,602,664 | 433,213,754 | 32,980,829 | 17,635,067
134,375,608,742 | 425,949,448 | 32,778,047 | 17,444,388
134,375,624,007 | 430,086,282 | 32,807,762 | 17,537,149
134,375,568,426 | 404,691,658 | 21,386,445 | 13,508,715
134,375,478,930 | 423,669,469 | 32,691,645 | 17,275,207
134,375,537,978 | 419,624,411 | 32,678,058 | 17,033,860
134,375,560,489 | 421,807,688 | 32,737,165 | 17,204,502
134,375,513,896 | 422,476,416 | 32,918,404 | 17,547,305
134,375,565,976 | 415,418,356 | 31,956,039 | 16,606,152
