Performance results for ./matrix/3.mtx | threads=64 | chunksize=1000
L1-dcache-loads | L1-dcache-load-misses | LLC-loads | LLC-load-misses
56,190,455,618 | 1,079,917,458 | 475,667,888 | 50,303,556
56,193,141,965 | 1,079,261,918 | 475,511,369 | 50,119,798
56,192,953,921 | 1,079,629,650 | 475,542,150 | 49,623,425
56,192,772,278 | 1,081,375,409 | 475,883,704 | 49,901,890
56,192,509,243 | 1,079,728,367 | 475,585,894 | 47,068,677
56,192,460,357 | 1,079,671,856 | 475,509,440 | 49,639,349
56,193,115,328 | 1,076,713,883 | 475,151,030 | 49,395,093
56,192,263,107 | 1,079,759,369 | 475,489,343 | 50,202,336
56,192,724,267 | 1,079,179,064 | 475,469,897 | 47,819,908
56,192,491,669 | 1,078,739,921 | 475,731,897 | 50,372,965
