Performance results for ./matrix/5.mtx | threads=1 | chunksize=1
L1-dcache-loads | L1-dcache-load-misses | LLC-loads | LLC-load-misses
134,356,643,994 | 408,373,257 | 21,501,851 | 13,628,979
134,356,644,003 | 408,539,821 | 21,341,832 | 13,358,127
134,356,643,990 | 403,518,999 | 21,565,824 | 13,362,195
134,356,643,993 | 406,642,242 | 21,589,736 | 13,790,636
134,356,644,001 | 406,528,807 | 21,313,754 | 13,372,868
134,356,643,986 | 408,631,655 | 21,280,903 | 13,406,856
134,356,643,993 | 407,337,341 | 21,439,785 | 13,775,200
134,356,643,997 | 406,526,323 | 21,351,908 | 13,360,223
134,356,643,992 | 411,762,800 | 21,678,336 | 13,394,281
134,356,644,005 | 408,419,457 | 21,746,075 | 13,817,051
