Performance results for ./matrix/1.mtx | threads=64 | chunksize=1
L1-dcache-loads | L1-dcache-load-misses | LLC-loads | LLC-load-misses
631,417,576 | 5,790,236 | 199,918 | 42,483
631,452,596 | 5,795,686 | 352,527 | 45,930
634,994,631 | 6,430,484 | 384,112 | 46,654
632,833,810 | 6,422,670 | 384,741 | 47,723
649,499,377 | 6,421,873 | 358,304 | 46,354
633,204,190 | 5,801,510 | 372,929 | 47,924
627,540,552 | 6,421,499 | 341,630 | 48,226
639,780,300 | 6,405,113 | 322,846 | 42,836
632,571,076 | 5,785,742 | 413,168 | 49,639
632,382,139 | 6,424,859 | 345,253 | 44,743
