Performance results for ./matrix/5.mtx | threads=8 | chunksize=100
L1-dcache-loads | L1-dcache-load-misses | LLC-loads | LLC-load-misses
134,360,859,319 | 407,211,699 | 21,512,756 | 13,053,277
134,360,856,041 | 407,156,707 | 21,359,314 | 13,550,557
134,360,860,097 | 402,865,406 | 21,312,141 | 12,896,264
134,360,858,723 | 402,253,057 | 21,371,978 | 13,672,799
134,360,858,934 | 406,069,878 | 21,182,333 | 12,986,906
134,360,858,035 | 403,190,291 | 21,417,889 | 13,307,135
134,360,856,871 | 402,692,220 | 21,322,317 | 12,988,876
134,360,858,386 | 406,087,122 | 21,378,895 | 13,249,092
134,360,858,704 | 404,311,164 | 21,320,802 | 13,558,142
134,360,880,732 | 404,134,978 | 21,188,491 | 13,215,943
