Performance results for ./matrix/3.mtx | threads=32 | chunksize=1
L1-dcache-loads | L1-dcache-load-misses | LLC-loads | LLC-load-misses
56,152,214,261 | 1,078,843,715 | 475,227,245 | 45,956,082
56,151,156,812 | 1,081,205,749 | 475,117,551 | 48,135,537
56,151,535,541 | 1,072,576,433 | 474,762,410 | 46,968,536
56,154,655,062 | 1,083,271,589 | 475,230,598 | 50,530,403
56,151,862,436 | 1,080,274,088 | 475,011,729 | 48,548,740
56,151,530,825 | 1,079,429,990 | 475,422,771 | 49,852,664
56,151,653,276 | 1,079,771,045 | 475,528,428 | 49,274,250
56,151,058,841 | 1,079,459,224 | 474,950,800 | 48,750,159
56,150,664,943 | 1,079,825,717 | 475,200,525 | 49,108,905
56,151,465,916 | 1,078,578,402 | 475,482,912 | 50,391,483
