Performance results for ./matrix/3.mtx | threads=4 | chunksize=1
L1-dcache-loads | L1-dcache-load-misses | LLC-loads | LLC-load-misses
56,141,043,932 | 1,060,824,192 | 473,972,934 | 52,258,552
56,141,049,801 | 1,063,191,443 | 474,177,831 | 49,425,421
56,141,055,544 | 1,065,357,111 | 474,098,794 | 51,603,361
56,141,049,202 | 1,081,501,280 | 474,549,965 | 50,147,705
56,141,945,059 | 1,081,218,646 | 475,079,364 | 51,112,795
56,141,068,366 | 1,077,913,858 | 474,527,266 | 50,061,269
56,141,045,338 | 1,034,393,718 | 473,332,566 | 51,554,622
56,141,945,334 | 1,079,846,190 | 474,737,059 | 50,221,087
56,141,048,878 | 1,031,736,915 | 473,517,728 | 52,614,919
56,141,944,985 | 1,061,335,245 | 474,029,309 | 50,347,096
