Performance results for ./matrix/4.mtx | threads=64 | chunksize=1
L1-dcache-loads | L1-dcache-load-misses | LLC-loads | LLC-load-misses
77,626,006,648 | 341,763,302 | 1,653,893 | 883,957
77,624,399,472 | 344,556,640 | 1,785,701 | 861,255
77,616,532,351 | 341,564,281 | 1,789,431 | 861,307
77,624,721,335 | 341,476,884 | 1,577,608 | 858,011
77,623,077,036 | 341,188,785 | 1,736,149 | 855,606
77,627,231,685 | 339,711,379 | 1,672,134 | 857,231
77,626,074,983 | 339,663,639 | 1,747,754 | 852,744
77,624,089,277 | 341,654,940 | 2,015,343 | 850,710
77,625,326,012 | 341,782,610 | 1,650,773 | 854,177
77,614,556,164 | 342,275,542 | 1,699,198 | 924,387
