Performance results for ./matrix/1.mtx | threads=32 | chunksize=1
L1-dcache-loads | L1-dcache-load-misses | LLC-loads | LLC-load-misses
599,562,155 | 6,411,300 | 279,570 | 44,695
599,897,851 | 6,394,546 | 266,722 | 45,851
599,778,556 | 6,400,924 | 280,402 | 43,849
599,611,159 | 6,402,195 | 285,077 | 43,957
599,425,572 | 6,374,694 | 229,551 | 43,683
597,951,214 | 5,773,313 | 267,717 | 46,477
615,895,552 | 6,398,707 | 249,445 | 40,061
598,217,679 | 5,764,636 | 271,928 | 45,986
599,720,768 | 6,399,104 | 277,158 | 46,475
599,771,269 | 6,398,758 | 285,256 | 46,502
