Performance results for ./matrix/4.mtx | threads=32 | chunksize=100
L1-dcache-loads | L1-dcache-load-misses | LLC-loads | LLC-load-misses
77,583,963,377 | 341,035,967 | 1,669,325 | 957,295
77,588,356,622 | 341,467,534 | 1,622,930 | 892,626
77,585,301,579 | 341,889,545 | 1,549,105 | 826,391
77,590,565,342 | 341,422,610 | 1,716,707 | 839,296
77,585,142,855 | 342,188,597 | 1,549,434 | 826,322
77,586,887,220 | 340,908,172 | 1,584,615 | 844,250
77,584,042,158 | 341,118,342 | 1,648,314 | 828,314
77,584,228,743 | 341,723,517 | 1,614,396 | 927,574
77,584,819,953 | 340,648,237 | 1,842,059 | 871,553
77,585,445,127 | 343,375,063 | 1,717,925 | 935,014
