Performance results for ./matrix/3.mtx | threads=2 | chunksize=100
L1-dcache-loads | L1-dcache-load-misses | LLC-loads | LLC-load-misses
56,140,734,785 | 1,080,402,744 | 474,751,124 | 50,511,951
56,140,734,536 | 1,078,313,878 | 474,816,603 | 50,876,000
56,140,734,284 | 1,075,733,958 | 474,887,958 | 50,658,031
56,140,435,473 | 1,081,896,478 | 474,829,900 | 52,163,982
56,140,729,990 | 1,077,522,092 | 474,855,746 | 51,705,593
56,140,734,365 | 1,080,417,627 | 474,811,463 | 49,670,020
56,140,437,257 | 1,079,050,406 | 474,906,633 | 51,063,852
56,140,733,937 | 1,064,237,173 | 473,823,031 | 49,924,471
56,140,435,709 | 1,078,905,223 | 474,664,360 | 51,243,159
56,140,435,405 | 1,078,141,803 | 474,644,691 | 50,949,510
