Performance results for ./matrix/4.mtx | threads=16 | chunksize=1
L1-dcache-loads | L1-dcache-load-misses | LLC-loads | LLC-load-misses
77,580,755,497 | 340,937,715 | 1,796,467 | 817,070
77,580,628,559 | 341,142,890 | 1,500,365 | 863,615
77,581,604,408 | 339,727,866 | 1,445,210 | 815,390
77,579,626,747 | 341,751,305 | 1,503,469 | 824,725
77,579,672,645 | 340,667,529 | 1,466,464 | 810,925
77,580,957,064 | 341,572,395 | 1,408,246 | 798,684
77,579,661,783 | 339,881,989 | 1,448,819 | 817,909
77,584,195,066 | 341,039,791 | 1,426,038 | 815,416
77,582,719,440 | 341,666,042 | 1,422,159 | 801,010
77,579,644,319 | 339,551,077 | 1,498,794 | 804,019
