Performance results for ./matrix/2.mtx | threads=32 | chunksize=1000
L1-dcache-loads | L1-dcache-load-misses | LLC-loads | LLC-load-misses
2,945,899,463 | 36,276,639 | 914,361 | 110,720
2,946,065,454 | 36,214,804 | 748,785 | 111,512
2,945,804,936 | 36,235,147 | 696,871 | 108,254
2,943,766,670 | 32,244,385 | 685,285 | 97,200
2,946,016,776 | 36,248,173 | 940,883 | 107,244
2,945,995,437 | 36,249,099 | 876,355 | 108,239
2,943,750,611 | 32,250,065 | 666,907 | 99,174
2,945,871,030 | 36,173,667 | 754,900 | 107,396
2,945,978,918 | 36,213,895 | 697,626 | 111,793
2,945,932,395 | 36,269,930 | 773,634 | 110,540
