Performance results for ./matrix/3.mtx | threads=1 | chunksize=100
L1-dcache-loads | L1-dcache-load-misses | LLC-loads | LLC-load-misses
56,140,127,786 | 1,061,905,072 | 473,804,491 | 53,083,776
56,140,127,801 | 1,078,472,911 | 474,721,381 | 55,603,004
56,140,127,707 | 1,062,631,278 | 474,234,778 | 53,225,195
56,140,128,130 | 1,060,777,463 | 474,437,335 | 55,817,445
56,140,128,063 | 1,080,984,241 | 474,615,590 | 53,779,739
56,140,128,033 | 1,070,181,224 | 474,470,099 | 55,114,668
56,140,127,806 | 1,071,300,600 | 474,087,053 | 54,739,929
56,140,127,828 | 1,060,972,961 | 474,423,520 | 55,504,048
56,140,127,814 | 1,077,866,595 | 474,514,329 | 54,568,931
56,140,127,788 | 1,080,620,533 | 474,825,424 | 54,798,664
