Performance results for ./matrix/4.mtx | threads=32 | chunksize=1000
L1-dcache-loads | L1-dcache-load-misses | LLC-loads | LLC-load-misses
77,587,667,618 | 340,642,793 | 1,620,038 | 839,489
77,585,683,534 | 340,686,087 | 1,641,851 | 841,837
77,588,325,125 | 340,969,790 | 1,691,739 | 855,252
77,586,878,807 | 340,525,213 | 1,611,620 | 907,591
77,583,713,235 | 342,358,810 | 1,548,013 | 821,027
77,584,068,506 | 341,213,493 | 1,626,307 | 832,251
77,586,804,040 | 341,816,491 | 1,573,129 | 842,440
77,587,520,020 | 341,064,321 | 1,568,793 | 836,647
77,584,227,585 | 341,787,165 | 1,590,944 | 855,788
77,585,642,140 | 339,904,057 | 1,567,697 | 834,701
