Performance results for ./matrix/2.mtx | threads=16 | chunksize=1
L1-dcache-loads | L1-dcache-load-misses | LLC-loads | LLC-load-misses
2,940,073,480 | 36,336,714 | 886,498 | 106,516
2,940,076,751 | 36,250,169 | 671,893 | 110,190
2,940,021,932 | 36,269,497 | 622,643 | 109,424
2,938,688,395 | 31,686,874 | 627,434 | 108,848
2,940,058,924 | 36,201,667 | 813,965 | 109,428
2,938,761,306 | 31,827,868 | 569,785 | 101,740
2,940,100,931 | 36,247,492 | 678,278 | 111,273
2,940,065,526 | 36,254,905 | 695,038 | 108,934
2,940,081,112 | 36,311,557 | 755,337 | 112,617
2,940,080,804 | 36,261,692 | 760,790 | 110,565
