Performance results for ./matrix/5.mtx | threads=64 | chunksize=100
L1-dcache-loads | L1-dcache-load-misses | LLC-loads | LLC-load-misses
134,409,155,493 | 432,353,707 | 33,978,047 | 18,240,323
134,410,466,421 | 433,276,702 | 33,911,534 | 18,093,951
134,410,516,760 | 427,419,610 | 33,739,742 | 17,996,536
134,410,866,585 | 425,685,414 | 33,468,949 | 17,875,391
134,410,174,100 | 426,950,453 | 33,270,059 | 17,866,857
134,410,604,765 | 426,386,631 | 33,338,742 | 17,857,981
134,410,816,250 | 425,939,404 | 33,140,649 | 17,759,284
134,412,299,605 | 414,376,563 | 33,101,164 | 17,375,234
134,409,503,173 | 415,658,022 | 33,347,574 | 17,567,515
134,408,529,098 | 423,080,981 | 33,201,065 | 17,900,508
