Performance results for ./matrix/5.mtx | threads=2 | chunksize=100
L1-dcache-loads | L1-dcache-load-misses | LLC-loads | LLC-load-misses
134,357,247,465 | 408,033,564 | 21,308,646 | 13,026,741
134,357,247,609 | 407,345,295 | 21,214,756 | 13,015,947
134,357,247,546 | 406,689,717 | 21,377,759 | 13,048,654
134,357,247,312 | 405,085,615 | 21,439,271 | 12,931,600
134,357,247,475 | 407,320,133 | 21,525,912 | 13,337,203
134,357,247,492 | 413,258,275 | 21,221,387 | 13,018,069
134,357,247,525 | 406,490,035 | 21,246,449 | 12,988,743
134,357,258,650 | 406,008,352 | 21,941,670 | 13,029,095
134,357,247,480 | 406,280,452 | 21,285,134 | 12,989,442
134,357,247,518 | 408,107,538 | 21,289,523 | 13,288,147
