Performance results for ./matrix/1.mtx | threads=2 | chunksize=1000
L1-dcache-loads | L1-dcache-load-misses | LLC-loads | LLC-load-misses
596,514,368 | 6,381,530 | 102,979 | 34,908
596,507,843 | 6,118,240 | 98,024 | 36,219
596,456,559 | 5,754,119 | 82,061 | 24,294
596,474,748 | 5,752,961 | 75,165 | 22,138
596,518,739 | 6,378,250 | 99,999 | 35,419
596,515,359 | 6,369,421 | 87,089 | 20,202
596,515,225 | 6,392,716 | 105,856 | 19,263
596,474,494 | 5,767,120 | 77,514 | 21,949
596,474,886 | 5,757,351 | 78,790 | 22,758
596,514,560 | 6,375,772 | 86,393 | 19,224
