Performance results for ./matrix/1.mtx | threads=4 | chunksize=100
L1-dcache-loads | L1-dcache-load-misses | LLC-loads | LLC-load-misses
596,657,264 | 6,363,821 | 138,684 | 38,676
596,489,498 | 5,751,736 | 112,401 | 42,863
596,675,305 | 6,386,914 | 135,454 | 39,767
596,663,990 | 6,379,098 | 108,351 | 38,854
596,649,547 | 6,373,920 | 127,406 | 38,741
596,656,401 | 6,401,052 | 120,208 | 39,635
596,531,430 | 5,753,567 | 112,821 | 39,098
596,655,189 | 6,373,979 | 129,678 | 38,772
596,671,117 | 6,400,968 | 108,070 | 39,797
596,651,585 | 6,377,878 | 128,326 | 47,766
