Performance results for ./matrix/1.mtx | threads=8 | chunksize=1
L1-dcache-loads | L1-dcache-load-misses | LLC-loads | LLC-load-misses
597,019,933 | 6,380,904 | 131,630 | 44,025
596,994,477 | 6,382,705 | 160,374 | 42,297
596,949,295 | 6,100,678 | 155,016 | 44,409
597,011,846 | 6,385,215 | 141,038 | 38,746
596,990,015 | 6,371,103 | 129,768 | 44,599
597,031,748 | 6,379,062 | 157,445 | 37,272
596,685,894 | 5,760,047 | 157,080 | 40,647
596,685,248 | 5,763,541 | 145,123 | 40,266
597,391,819 | 6,402,995 | 127,831 | 37,499
596,991,787 | 6,391,849 | 133,744 | 44,237
