Performance results for ./matrix/5.mtx | threads=16 | chunksize=1000
L1-dcache-loads | L1-dcache-load-misses | LLC-loads | LLC-load-misses
134,365,695,578 | 403,627,869 | 21,234,632 | 13,520,750
134,365,690,915 | 403,420,536 | 21,324,458 | 13,493,371
134,365,688,922 | 404,964,200 | 21,381,131 | 13,154,041
134,365,704,210 | 410,131,046 | 21,250,777 | 13,243,748
134,365,699,771 | 402,467,186 | 21,360,448 | 13,234,586
134,365,716,510 | 404,245,018 | 21,498,785 | 13,848,758
134,365,702,404 | 404,111,848 | 21,179,038 | 13,355,568
134,365,694,554 | 415,302,158 | 31,827,567 | 16,861,789
134,365,723,397 | 418,183,551 | 31,820,410 | 17,025,866
134,365,718,711 | 430,250,640 | 32,486,245 | 17,886,665
