Performance results for ./matrix/5.mtx | threads=16 | chunksize=1
L1-dcache-loads | L1-dcache-load-misses | LLC-loads | LLC-load-misses
134,365,740,070 | 403,009,591 | 21,297,155 | 13,516,743
134,365,687,296 | 402,498,582 | 21,287,031 | 13,520,863
134,365,694,179 | 407,731,743 | 21,086,501 | 13,456,757
134,365,722,462 | 403,082,709 | 21,207,150 | 13,502,975
134,365,717,330 | 404,128,052 | 21,254,725 | 13,356,583
134,365,702,027 | 410,299,199 | 21,294,338 | 13,256,669
134,365,699,945 | 404,850,542 | 21,314,559 | 13,558,403
134,365,719,173 | 402,198,662 | 21,439,382 | 13,230,627
134,365,709,877 | 403,269,582 | 21,362,063 | 13,166,029
134,365,701,914 | 403,434,759 | 21,327,021 | 13,488,548
