Performance results for ./matrix/3.mtx | threads=8 | chunksize=1000
L1-dcache-loads | L1-dcache-load-misses | LLC-loads | LLC-load-misses
56,144,387,958 | 1,080,632,499 | 475,096,257 | 49,728,545
56,142,525,163 | 1,078,922,577 | 475,218,786 | 52,975,146
56,142,660,848 | 1,080,372,913 | 475,183,144 | 49,569,144
56,142,584,202 | 1,081,602,066 | 474,998,063 | 52,690,267
56,144,375,755 | 1,079,457,425 | 475,031,046 | 52,290,423
56,142,518,517 | 1,083,064,646 | 474,870,633 | 49,649,545
56,142,608,848 | 1,079,000,409 | 474,833,272 | 49,308,257
56,142,555,161 | 1,080,083,191 | 474,873,078 | 49,721,227
56,144,387,687 | 1,077,221,194 | 474,799,732 | 49,757,679
56,142,600,662 | 1,078,386,149 | 475,143,025 | 50,354,608
