Performance results for ./matrix/3.mtx | threads=64 | chunksize=1
L1-dcache-loads | L1-dcache-load-misses | LLC-loads | LLC-load-misses
56,192,711,146 | 1,078,112,470 | 475,593,319 | 50,423,552
56,192,158,547 | 1,080,812,358 | 475,507,546 | 49,757,911
56,193,131,900 | 1,078,180,670 | 475,498,292 | 50,161,896
56,192,589,105 | 1,077,559,014 | 475,744,045 | 49,322,363
56,192,346,715 | 1,080,242,597 | 475,039,564 | 48,283,817
56,192,981,142 | 1,077,935,142 | 475,507,780 | 49,308,999
56,192,870,801 | 1,080,988,073 | 475,734,572 | 50,514,699
56,192,702,086 | 1,079,165,390 | 475,634,583 | 49,003,316
56,192,717,745 | 1,077,034,534 | 475,387,165 | 48,829,335
56,192,320,443 | 1,078,356,461 | 475,337,876 | 47,494,200
