Performance results for ./matrix/3.mtx | threads=16 | chunksize=100
L1-dcache-loads | L1-dcache-load-misses | LLC-loads | LLC-load-misses
56,144,953,681 | 1,079,074,227 | 474,706,823 | 47,741,369
56,144,990,996 | 1,083,548,259 | 474,773,841 | 49,043,200
56,145,127,979 | 1,080,319,218 | 475,041,662 | 47,692,194
56,145,298,892 | 1,078,683,912 | 474,809,272 | 48,742,925
56,145,206,082 | 1,082,732,285 | 475,376,852 | 50,511,915
56,146,391,441 | 1,077,543,726 | 474,887,300 | 49,605,328
56,144,957,161 | 1,077,261,074 | 474,927,891 | 49,014,537
56,144,966,987 | 1,080,249,303 | 474,680,476 | 48,097,201
56,145,745,497 | 1,077,429,620 | 474,646,930 | 48,854,277
56,144,956,878 | 1,078,448,691 | 475,185,359 | 50,950,681
