Performance results for ./matrix/1.mtx | threads=64 | chunksize=100
L1-dcache-loads | L1-dcache-load-misses | LLC-loads | LLC-load-misses
628,455,328 | 6,405,314 | 307,560 | 43,614
636,018,207 | 6,416,532 | 324,743 | 47,159
636,338,544 | 6,417,360 | 325,343 | 43,571
632,762,528 | 5,782,065 | 370,501 | 46,394
643,112,376 | 6,407,103 | 297,486 | 42,354
634,905,385 | 6,429,166 | 374,507 | 46,167
635,833,656 | 6,409,816 | 390,169 | 44,488
632,915,378 | 5,773,866 | 376,788 | 47,203
633,159,038 | 5,799,414 | 368,506 | 43,292
633,706,726 | 5,762,363 | 216,315 | 46,490
