Performance results for ./matrix/4.mtx | threads=8 | chunksize=1
L1-dcache-loads | L1-dcache-load-misses | LLC-loads | LLC-load-misses
77,577,833,978 | 340,570,919 | 1,463,413 | 826,266
77,577,578,703 | 340,905,034 | 1,456,877 | 819,740
77,577,670,241 | 341,258,868 | 1,625,161 | 802,467
77,578,760,733 | 340,165,810 | 1,461,970 | 799,067
77,577,837,767 | 341,999,630 | 1,484,766 | 788,114
77,579,899,528 | 341,200,457 | 1,423,565 | 821,292
77,579,884,860 | 339,358,720 | 1,449,401 | 807,036
77,577,716,506 | 341,730,818 | 1,479,155 | 805,237
77,577,879,925 | 339,138,278 | 1,450,687 | 814,645
77,577,784,429 | 342,593,582 | 1,429,788 | 816,255
