Performance results for ./matrix/1.mtx | threads=4 | chunksize=1000
L1-dcache-loads | L1-dcache-load-misses | LLC-loads | LLC-load-misses
596,668,172 | 6,376,242 | 119,999 | 37,652
596,655,469 | 6,125,047 | 103,822 | 39,126
596,674,821 | 6,379,776 | 106,558 | 38,705
596,559,013 | 5,747,792 | 109,658 | 40,645
596,693,843 | 6,381,295 | 117,814 | 33,799
596,702,926 | 6,395,870 | 112,795 | 39,468
596,691,271 | 6,376,725 | 123,282 | 31,295
596,680,016 | 6,372,360 | 154,861 | 38,978
596,669,002 | 6,376,819 | 94,658 | 32,888
596,660,777 | 6,376,238 | 105,453 | 39,929
