Performance results for ./matrix/1.mtx | threads=8 | chunksize=1000
L1-dcache-loads | L1-dcache-load-misses | LLC-loads | LLC-load-misses
597,036,796 | 6,374,300 | 154,756 | 38,947
596,757,122 | 5,756,059 | 148,755 | 40,492
597,007,160 | 6,346,773 | 121,485 | 42,372
596,700,872 | 5,756,376 | 153,100 | 39,629
597,020,392 | 6,389,519 | 161,826 | 43,835
597,043,666 | 6,377,328 | 139,073 | 37,686
596,626,345 | 5,758,195 | 136,481 | 40,608
597,837,360 | 5,745,945 | 133,091 | 37,861
597,042,150 | 6,396,235 | 138,850 | 43,086
597,055,739 | 6,383,364 | 177,074 | 42,240
