Performance results for ./matrix/1.mtx | threads=1 | chunksize=1000
L1-dcache-loads | L1-dcache-load-misses | LLC-loads | LLC-load-misses
596,430,509 | 5,764,335 | 73,791 | 21,212
596,430,505 | 6,370,653 | 87,252 | 18,936
596,430,521 | 6,381,622 | 79,079 | 20,545
596,430,513 | 6,367,920 | 81,180 | 22,798
596,430,511 | 6,380,102 | 85,139 | 19,149
596,430,510 | 5,746,365 | 75,691 | 21,607
596,430,509 | 6,373,417 | 79,082 | 20,998
596,430,512 | 6,377,438 | 80,798 | 20,446
596,430,507 | 6,364,985 | 104,616 | 19,757
596,430,504 | 6,373,842 | 72,717 | 18,062
