Performance results for ./matrix/4.mtx | threads=2 | chunksize=100
L1-dcache-loads | L1-dcache-load-misses | LLC-loads | LLC-load-misses
77,576,242,857 | 341,418,804 | 1,414,163 | 807,698
77,576,240,453 | 340,381,435 | 1,762,755 | 799,090
77,576,241,012 | 341,319,368 | 1,297,967 | 786,036
77,576,242,854 | 340,401,535 | 1,415,090 | 789,306
77,576,247,171 | 340,942,518 | 1,466,940 | 801,936
77,576,238,119 | 341,776,788 | 1,458,775 | 824,595
77,576,239,165 | 340,616,284 | 1,472,313 | 793,960
77,576,239,683 | 343,154,692 | 1,512,672 | 819,725
77,576,554,346 | 339,635,892 | 1,409,836 | 803,203
77,576,245,737 | 342,316,828 | 1,394,514 | 802,449
