Performance results for ./matrix/2.mtx | threads=4 | chunksize=1000
L1-dcache-loads | L1-dcache-load-misses | LLC-loads | LLC-load-misses
2,936,270,306 | 36,263,073 | 702,547 | 103,788
2,936,305,357 | 36,226,684 | 723,340 | 94,886
2,936,302,633 | 36,206,869 | 713,068 | 94,515
2,935,972,471 | 31,387,909 | 511,515 | 102,473
2,936,309,381 | 36,270,534 | 651,514 | 106,753
2,936,034,555 | 31,560,009 | 433,827 | 98,653
2,936,317,222 | 36,220,757 | 707,900 | 103,815
2,936,308,112 | 36,196,417 | 712,381 | 95,193
2,936,300,714 | 36,212,143 | 562,908 | 105,201
2,936,321,020 | 36,266,514 | 718,184 | 94,561
