Performance results for ./matrix/2.mtx | threads=64 | chunksize=1000
L1-dcache-loads | L1-dcache-load-misses | LLC-loads | LLC-load-misses
2,984,782,241 | 36,240,516 | 883,719 | 106,809
2,981,909,337 | 36,347,088 | 778,868 | 107,760
2,985,258,373 | 36,348,433 | 898,831 | 107,219
2,984,631,007 | 36,338,870 | 952,629 | 110,365
2,985,150,002 | 36,264,551 | 753,021 | 106,316
2,985,902,532 | 33,309,150 | 677,478 | 95,403
2,984,362,400 | 36,252,599 | 849,590 | 107,594
2,985,385,047 | 33,346,930 | 672,746 | 93,839
2,986,173,565 | 36,252,987 | 794,769 | 106,639
2,986,797,287 | 36,325,745 | 949,604 | 105,853
