Performance results for ./matrix/4.mtx | threads=8 | chunksize=100
L1-dcache-loads | L1-dcache-load-misses | LLC-loads | LLC-load-misses
77,580,087,831 | 341,034,580 | 1,494,435 | 824,046
77,577,812,999 | 340,027,300 | 1,532,520 | 813,687
77,577,971,624 | 340,271,823 | 1,629,367 | 814,111
77,577,750,340 | 340,958,572 | 1,490,394 | 798,593
77,579,934,835 | 341,582,803 | 1,345,445 | 786,556
77,577,750,166 | 342,023,317 | 1,432,701 | 814,201
77,577,716,297 | 343,908,662 | 1,408,025 | 807,886
77,577,762,723 | 340,472,357 | 1,493,061 | 788,608
77,577,652,386 | 340,803,970 | 1,442,820 | 823,954
77,577,706,193 | 344,214,219 | 1,513,487 | 887,976
