Performance results for ./matrix/3.mtx | threads=16 | chunksize=1000
L1-dcache-loads | L1-dcache-load-misses | LLC-loads | LLC-load-misses
56,146,066,045 | 1,069,601,794 | 474,455,661 | 48,640,208
56,146,114,216 | 1,078,201,054 | 475,123,183 | 51,481,598
56,145,297,645 | 1,081,052,439 | 474,873,864 | 50,362,468
56,145,551,743 | 1,078,799,415 | 475,257,581 | 51,178,598
56,145,334,588 | 1,080,729,541 | 474,808,836 | 47,570,998
56,145,592,331 | 1,079,943,294 | 475,100,682 | 50,881,621
56,145,396,330 | 1,078,047,788 | 475,147,386 | 50,269,457
56,145,453,913 | 1,078,668,057 | 475,378,936 | 51,284,092
56,145,616,090 | 1,081,246,914 | 475,606,598 | 49,596,229
56,145,385,983 | 1,078,541,036 | 475,223,427 | 48,611,671
