Performance results for ./matrix/3.mtx | threads=4 | chunksize=100
L1-dcache-loads | L1-dcache-load-misses | LLC-loads | LLC-load-misses
56,141,067,458 | 1,080,498,712 | 474,988,651 | 51,227,372
56,141,060,748 | 1,077,299,079 | 474,959,380 | 49,347,869
56,141,073,828 | 1,077,752,984 | 474,923,738 | 51,314,184
56,141,048,698 | 1,062,904,572 | 474,530,489 | 49,904,175
56,141,046,604 | 1,077,725,207 | 474,977,769 | 51,913,643
56,141,051,152 | 1,078,378,569 | 475,001,169 | 50,231,178
56,141,940,959 | 1,061,001,189 | 474,237,784 | 49,852,064
56,141,257,266 | 1,077,898,726 | 475,039,290 | 50,457,524
56,141,944,581 | 1,063,367,322 | 474,681,465 | 52,323,979
56,141,048,808 | 1,064,069,530 | 474,093,155 | 49,949,663
