Performance results for ./matrix/5.mtx | threads=1 | chunksize=100
L1-dcache-loads | L1-dcache-load-misses | LLC-loads | LLC-load-misses
134,356,643,994 | 407,148,261 | 21,295,569 | 13,339,872
134,356,644,005 | 406,173,682 | 21,295,084 | 13,315,555
134,356,644,007 | 407,674,334 | 21,382,724 | 13,418,227
134,356,643,998 | 408,009,418 | 21,382,206 | 13,343,448
134,356,644,006 | 408,763,190 | 21,504,104 | 13,535,172
134,356,644,006 | 405,952,389 | 21,387,017 | 13,336,674
134,356,644,007 | 407,789,149 | 21,436,805 | 13,365,469
134,356,643,994 | 405,579,997 | 21,273,376 | 13,387,467
134,356,643,987 | 408,697,894 | 21,318,840 | 13,414,052
134,356,644,003 | 405,163,553 | 21,256,676 | 13,304,283
