Performance results for ./matrix/5.mtx | threads=2 | chunksize=1000
L1-dcache-loads | L1-dcache-load-misses | LLC-loads | LLC-load-misses
134,357,247,424 | 407,677,355 | 21,306,622 | 12,998,102
134,357,247,362 | 408,982,788 | 21,294,213 | 13,100,190
134,357,247,619 | 407,506,745 | 21,447,256 | 13,328,060
134,357,247,505 | 404,974,544 | 21,020,517 | 12,979,428
134,357,247,338 | 408,512,961 | 21,181,534 | 13,003,027
134,357,247,408 | 407,600,352 | 21,272,204 | 13,016,310
134,357,247,414 | 405,903,790 | 21,357,706 | 13,008,484
134,357,247,556 | 408,077,284 | 21,189,799 | 13,088,366
134,357,247,412 | 408,219,715 | 21,668,206 | 13,563,245
134,357,247,554 | 406,340,430 | 21,548,718 | 13,010,657
