Performance results for ./matrix/2.mtx | threads=2 | chunksize=1
L1-dcache-loads | L1-dcache-load-misses | LLC-loads | LLC-load-misses
2,935,631,822 | 36,228,035 | 597,930 | 84,672
2,935,537,740 | 31,640,377 | 403,506 | 83,053
2,935,532,327 | 31,483,898 | 500,467 | 78,807
2,935,631,643 | 36,234,113 | 636,000 | 82,542
2,935,632,241 | 36,207,270 | 529,280 | 87,000
2,935,635,961 | 36,210,008 | 541,705 | 86,519
2,935,554,452 | 31,777,406 | 551,073 | 80,125
2,935,553,640 | 31,756,131 | 421,310 | 81,823
2,935,635,722 | 36,294,933 | 627,909 | 85,425
2,935,635,661 | 36,324,772 | 623,318 | 87,252
