Performance results for ./matrix/1.mtx | threads=64 | chunksize=1000
L1-dcache-loads | L1-dcache-load-misses | LLC-loads | LLC-load-misses
634,908,445 | 6,404,932 | 281,130 | 44,162
636,833,609 | 6,408,713 | 215,575 | 44,884
621,301,376 | 6,413,419 | 219,124 | 41,611
635,579,606 | 6,405,759 | 216,437 | 43,154
634,559,321 | 6,414,008 | 239,540 | 42,725
648,218,364 | 6,386,106 | 244,380 | 42,947
631,772,875 | 5,777,805 | 262,401 | 45,778
634,876,235 | 6,396,023 | 280,618 | 42,663
626,847,326 | 6,426,061 | 216,176 | 44,266
626,810,268 | 6,400,398 | 223,242 | 40,719
