Performance results for ./matrix/3.mtx | threads=8 | chunksize=1
L1-dcache-loads | L1-dcache-load-misses | LLC-loads | LLC-load-misses
56,142,347,892 | 1,061,951,639 | 474,505,106 | 50,561,591
56,142,348,605 | 1,078,679,023 | 474,684,790 | 48,023,613
56,143,151,650 | 1,077,713,047 | 474,894,097 | 50,096,065
56,142,377,529 | 1,078,343,296 | 474,841,484 | 48,133,094
56,144,381,777 | 1,079,715,468 | 474,886,418 | 50,210,275
56,142,482,578 | 1,080,301,132 | 474,698,402 | 47,707,985
56,142,340,651 | 1,079,739,626 | 475,281,877 | 49,279,282
56,142,369,742 | 1,061,511,207 | 473,971,875 | 48,021,568
56,144,394,984 | 1,078,269,124 | 474,780,292 | 50,067,725
56,144,391,262 | 1,078,198,262 | 474,960,625 | 48,196,878
