Performance results for ./matrix/4.mtx | threads=16 | chunksize=1000
L1-dcache-loads | L1-dcache-load-misses | LLC-loads | LLC-load-misses
77,581,296,696 | 339,706,796 | 1,506,948 | 805,343
77,581,479,064 | 339,426,749 | 1,487,123 | 810,112
77,579,587,230 | 341,211,048 | 1,398,766 | 795,112
77,581,287,703 | 341,597,721 | 1,532,783 | 809,697
77,579,614,469 | 339,847,481 | 1,539,481 | 816,983
77,580,018,801 | 341,629,087 | 1,486,851 | 819,905
77,579,651,369 | 339,322,055 | 1,529,528 | 805,517
77,584,242,706 | 341,011,224 | 1,531,281 | 809,315
77,579,607,777 | 341,444,042 | 1,467,059 | 814,479
77,580,965,848 | 341,565,979 | 1,487,706 | 813,199
