Performance results for ./matrix/3.mtx | threads=1 | chunksize=1
L1-dcache-loads | L1-dcache-load-misses | LLC-loads | LLC-load-misses
56,140,127,591 | 1,080,241,368 | 475,082,289 | 54,059,203
56,140,128,072 | 1,080,120,072 | 474,581,776 | 55,236,440
56,140,127,975 | 1,078,502,369 | 474,786,499 | 54,977,335
56,140,127,839 | 1,077,635,482 | 474,521,402 | 55,108,468
56,140,127,996 | 1,078,888,678 | 474,568,476 | 54,676,923
56,140,127,853 | 1,079,458,835 | 474,698,533 | 55,421,988
56,140,127,998 | 1,076,541,453 | 474,673,255 | 55,011,708
56,140,127,961 | 1,062,091,591 | 473,948,767 | 55,133,380
56,140,127,732 | 1,065,552,546 | 474,063,530 | 53,858,103
56,140,128,005 | 1,081,264,542 | 474,710,370 | 55,655,664
