Performance results for ./matrix/2.mtx | threads=16 | chunksize=1000
L1-dcache-loads | L1-dcache-load-misses | LLC-loads | LLC-load-misses
2,938,990,652 | 31,813,121 | 570,791 | 99,542
2,938,842,738 | 31,675,158 | 605,069 | 104,242
2,940,223,001 | 36,175,213 | 781,268 | 106,785
2,940,319,014 | 36,310,594 | 704,521 | 107,615
2,940,223,791 | 36,310,872 | 685,944 | 108,687
2,940,261,585 | 36,233,334 | 711,126 | 111,221
2,939,071,528 | 31,858,514 | 610,364 | 105,307
2,938,830,831 | 31,588,786 | 659,336 | 100,185
2,940,337,647 | 36,310,768 | 658,025 | 109,138
2,938,773,958 | 31,753,114 | 535,477 | 103,740
