Performance results for ./matrix/5.mtx | threads=4 | chunksize=1
L1-dcache-loads | L1-dcache-load-misses | LLC-loads | LLC-load-misses
134,358,450,296 | 401,975,137 | 21,399,458 | 12,714,671
134,358,450,211 | 403,726,654 | 21,343,837 | 12,935,491
134,358,450,181 | 403,752,315 | 21,656,736 | 13,193,168
134,358,450,280 | 404,537,215 | 21,260,405 | 12,924,639
134,358,450,216 | 402,277,122 | 21,441,161 | 12,903,303
134,358,450,135 | 403,233,532 | 21,557,652 | 13,257,254
134,358,450,173 | 404,638,803 | 21,335,653 | 12,894,874
134,358,450,528 | 398,676,267 | 21,312,536 | 12,571,714
134,358,450,184 | 401,454,901 | 21,333,991 | 12,866,488
134,358,450,158 | 402,999,475 | 21,260,520 | 12,883,520
