Performance results for ./matrix/3.mtx | threads=64 | chunksize=100
L1-dcache-loads | L1-dcache-load-misses | LLC-loads | LLC-load-misses
56,192,564,993 | 1,077,816,662 | 475,659,470 | 49,900,903
56,193,137,595 | 1,080,291,104 | 475,669,407 | 48,755,185
56,191,122,716 | 1,078,212,534 | 475,529,357 | 49,432,431
56,192,687,815 | 1,080,662,381 | 475,394,572 | 48,249,775
56,192,460,534 | 1,079,495,656 | 475,519,606 | 50,229,912
56,192,911,685 | 1,078,849,232 | 475,509,950 | 48,693,371
56,193,386,878 | 1,078,804,561 | 475,753,648 | 49,668,410
56,192,867,160 | 1,078,158,587 | 475,071,620 | 47,046,010
56,192,584,413 | 1,079,498,753 | 475,221,230 | 48,274,799
56,192,643,270 | 1,078,846,019 | 475,251,669 | 49,440,084
