Performance results for ./matrix/1.mtx | threads=32 | chunksize=100
L1-dcache-loads | L1-dcache-load-misses | LLC-loads | LLC-load-misses
599,483,772 | 6,380,102 | 297,498 | 44,744
599,580,130 | 6,380,646 | 273,448 | 43,876
599,896,725 | 6,385,036 | 263,391 | 43,531
598,177,280 | 5,764,585 | 289,739 | 44,896
599,646,506 | 6,388,310 | 257,231 | 43,692
599,568,920 | 6,404,932 | 256,368 | 44,250
599,526,679 | 6,407,877 | 231,589 | 46,454
599,439,082 | 6,400,740 | 240,359 | 45,259
597,804,454 | 5,771,685 | 212,758 | 47,364
598,230,585 | 5,767,143 | 249,831 | 45,655
