Performance results for ./matrix/2.mtx | threads=2 | chunksize=100
L1-dcache-loads | L1-dcache-load-misses | LLC-loads | LLC-load-misses
2,935,635,746 | 36,366,785 | 659,469 | 86,074
2,935,636,147 | 36,235,118 | 582,770 | 81,898
2,935,635,585 | 36,282,025 | 488,706 | 90,184
2,935,631,594 | 36,286,396 | 549,023 | 87,713
2,935,632,080 | 36,265,836 | 526,693 | 89,465
2,935,635,421 | 36,206,838 | 604,785 | 83,899
2,935,631,561 | 36,269,787 | 534,507 | 86,522
2,935,635,480 | 36,225,512 | 518,707 | 84,219
2,935,635,335 | 36,222,231 | 589,899 | 82,462
2,935,636,546 | 36,323,437 | 696,898 | 98,245
