Performance results for ./matrix/4.mtx | threads=64 | chunksize=1000
L1-dcache-loads | L1-dcache-load-misses | LLC-loads | LLC-load-misses
77,614,622,612 | 340,115,021 | 1,737,578 | 856,059
77,624,918,997 | 341,580,136 | 1,939,994 | 867,097
77,624,794,815 | 341,440,260 | 1,614,466 | 861,161
77,593,241,514 | 341,436,317 | 1,739,407 | 854,880
77,625,749,322 | 340,465,828 | 1,704,018 | 852,876
77,623,257,419 | 340,673,634 | 1,521,469 | 841,543
77,624,524,284 | 340,148,371 | 1,693,049 | 832,423
77,625,637,073 | 339,160,616 | 1,716,442 | 856,268
77,629,054,111 | 341,930,918 | 1,726,804 | 898,833
77,620,119,743 | 339,901,616 | 1,721,414 | 840,076
