Performance results for ./matrix/3.mtx | threads=32 | chunksize=100
L1-dcache-loads | L1-dcache-load-misses | LLC-loads | LLC-load-misses
56,151,184,506 | 1,083,882,690 | 475,254,190 | 50,243,818
56,151,228,956 | 1,080,746,711 | 475,491,163 | 50,534,524
56,151,152,446 | 1,076,999,536 | 474,943,850 | 48,757,032
56,151,949,547 | 1,080,381,650 | 475,363,872 | 48,047,428
56,151,101,548 | 1,078,039,147 | 475,715,765 | 50,859,796
56,151,448,131 | 1,080,769,851 | 474,664,100 | 48,140,533
56,152,166,989 | 1,080,036,441 | 475,257,082 | 50,597,517
56,152,472,302 | 1,077,767,094 | 475,304,520 | 50,039,136
56,151,341,450 | 1,078,736,485 | 475,564,009 | 50,582,199
56,152,002,334 | 1,079,566,065 | 475,616,088 | 50,389,973
