Performance results for ./matrix/1.mtx | threads=32 | chunksize=1000
L1-dcache-loads | L1-dcache-load-misses | LLC-loads | LLC-load-misses
599,623,599 | 6,374,786 | 268,142 | 44,541
598,382,436 | 5,763,203 | 252,254 | 45,301
598,398,082 | 5,757,819 | 274,192 | 45,345
599,699,823 | 6,379,878 | 261,868 | 43,967
599,659,261 | 6,389,809 | 236,969 | 45,131
599,601,335 | 6,398,942 | 242,243 | 41,629
599,592,493 | 6,395,598 | 228,455 | 43,784
597,977,070 | 5,761,374 | 242,982 | 46,312
599,672,789 | 6,399,248 | 250,358 | 41,658
599,695,181 | 6,393,087 | 236,277 | 44,152
