Performance results for ./matrix/4.mtx | threads=16 | chunksize=100
L1-dcache-loads | L1-dcache-load-misses | LLC-loads | LLC-load-misses
77,581,836,254 | 342,667,872 | 1,490,332 | 871,323
77,584,675,521 | 341,779,467 | 1,537,674 | 911,664
77,583,626,267 | 343,506,580 | 1,488,735 | 863,310
77,581,711,877 | 341,866,435 | 1,474,476 | 824,939
77,580,263,402 | 342,001,042 | 1,525,083 | 824,764
77,584,088,548 | 343,106,529 | 1,460,200 | 814,852
77,584,209,041 | 341,744,006 | 1,498,413 | 814,897
77,579,863,569 | 341,082,055 | 1,554,733 | 860,149
77,580,875,575 | 342,012,595 | 1,437,285 | 811,284
77,584,221,969 | 340,037,770 | 1,468,974 | 845,408
