Performance results for ./matrix/3.mtx | threads=32 | chunksize=1000
L1-dcache-loads | L1-dcache-load-misses | LLC-loads | LLC-load-misses
56,151,903,343 | 1,081,069,959 | 474,684,352 | 48,080,978
56,151,863,310 | 1,077,486,713 | 475,369,697 | 50,122,315
56,151,705,454 | 1,077,899,623 | 475,188,179 | 50,383,316
56,151,674,718 | 1,076,999,286 | 475,118,341 | 50,345,596
56,151,610,420 | 1,078,857,528 | 475,224,478 | 50,590,571
56,151,781,618 | 1,079,188,540 | 475,102,069 | 49,460,871
56,151,891,518 | 1,078,178,063 | 475,442,064 | 50,657,126
56,151,906,803 | 1,079,134,246 | 475,562,603 | 50,306,694
56,151,811,422 | 1,082,237,046 | 475,274,519 | 50,007,322
56,151,696,943 | 1,078,696,583 | 475,413,887 | 50,205,100
