Performance results for ./matrix/2.mtx | threads=8 | chunksize=100
L1-dcache-loads | L1-dcache-load-misses | LLC-loads | LLC-load-misses
2,938,881,314 | 31,598,106 | 615,438 | 101,300
2,936,802,118 | 31,740,350 | 537,046 | 97,776
2,936,791,848 | 31,483,057 | 544,064 | 95,467
2,936,810,513 | 31,643,851 | 444,464 | 100,050
2,936,764,959 | 31,712,157 | 497,995 | 103,044
2,937,498,537 | 36,194,997 | 746,813 | 101,573
2,936,896,596 | 31,616,152 | 570,251 | 98,958
2,936,817,905 | 31,602,318 | 624,559 | 101,720
2,936,931,790 | 32,029,900 | 558,080 | 95,051
2,937,482,390 | 36,306,757 | 599,611 | 101,687
