Performance results for ./matrix/3.mtx | threads=2 | chunksize=1
L1-dcache-loads | L1-dcache-load-misses | LLC-loads | LLC-load-misses
56,140,434,579 | 1,077,845,278 | 475,037,370 | 51,406,951
56,140,439,696 | 1,077,034,548 | 474,662,518 | 51,181,252
56,140,438,285 | 1,077,321,536 | 474,503,776 | 50,920,851
56,140,452,629 | 1,079,953,149 | 474,863,782 | 51,853,281
56,140,435,544 | 1,077,742,987 | 474,563,696 | 50,592,718
56,140,435,144 | 1,078,262,818 | 474,528,140 | 51,608,070
56,140,434,914 | 1,079,697,472 | 474,622,332 | 51,452,281
56,140,734,793 | 1,062,558,674 | 473,989,148 | 52,220,459
56,140,460,465 | 1,030,342,401 | 473,342,472 | 50,279,574
56,140,437,032 | 1,032,035,368 | 473,515,234 | 50,487,154
