Performance results for ./matrix/5.mtx | threads=4 | chunksize=100
L1-dcache-loads | L1-dcache-load-misses | LLC-loads | LLC-load-misses
134,358,449,957 | 405,250,217 | 21,686,190 | 13,089,380
134,358,450,009 | 402,243,847 | 21,521,626 | 13,215,127
134,358,449,978 | 403,550,522 | 21,275,433 | 12,894,983
134,358,450,154 | 403,426,219 | 21,516,805 | 12,846,167
134,358,449,936 | 400,983,495 | 21,285,347 | 12,583,108
134,358,449,887 | 406,633,550 | 21,709,981 | 13,230,842
134,358,450,078 | 404,187,399 | 21,112,880 | 12,878,183
134,358,449,956 | 403,805,593 | 21,218,289 | 12,944,776
134,358,450,003 | 403,913,858 | 21,085,474 | 12,909,420
134,358,449,884 | 403,960,144 | 21,511,945 | 13,199,107
