Performance results for ./matrix/2.mtx | threads=32 | chunksize=1
L1-dcache-loads | L1-dcache-load-misses | LLC-loads | LLC-load-misses
2,945,562,012 | 36,303,987 | 738,182 | 112,718
2,945,572,578 | 36,200,433 | 736,562 | 112,202
2,944,149,034 | 32,112,108 | 681,148 | 99,276
2,943,488,037 | 32,226,663 | 618,513 | 101,870
2,943,725,841 | 32,273,652 | 741,279 | 98,565
2,945,692,934 | 36,239,106 | 761,042 | 109,713
2,945,613,096 | 36,220,273 | 772,253 | 109,627
2,943,201,198 | 31,803,629 | 665,287 | 104,236
2,945,537,769 | 36,193,327 | 786,292 | 111,500
2,945,600,600 | 36,204,080 | 795,033 | 110,204
