Performance results for ./matrix/2.mtx | threads=1 | chunksize=1
L1-dcache-loads | L1-dcache-load-misses | LLC-loads | LLC-load-misses
2,935,329,357 | 36,287,731 | 774,741 | 85,900
2,935,329,239 | 36,296,693 | 568,011 | 85,394
2,935,329,242 | 36,254,633 | 595,343 | 83,134
2,935,329,233 | 31,906,996 | 418,126 | 77,865
2,935,329,230 | 31,656,969 | 368,612 | 84,294
2,935,329,250 | 36,244,149 | 518,284 | 84,756
2,935,329,246 | 36,247,713 | 553,100 | 83,113
2,935,329,225 | 31,564,883 | 385,105 | 80,034
2,935,329,235 | 31,545,592 | 501,207 | 77,777
2,935,329,250 | 36,246,199 | 550,139 | 81,385
