Performance results for ./matrix/1.mtx | threads=1 | chunksize=100
L1-dcache-loads | L1-dcache-load-misses | LLC-loads | LLC-load-misses
596,430,502 | 6,385,962 | 89,738 | 19,568
596,430,511 | 6,378,421 | 81,311 | 20,185
596,430,504 | 6,368,152 | 86,724 | 20,566
596,430,514 | 6,394,911 | 96,714 | 20,249
596,430,507 | 6,377,939 | 86,808 | 20,205
596,430,512 | 6,383,153 | 75,773 | 21,274
596,430,502 | 6,379,456 | 84,746 | 20,092
596,430,514 | 5,752,832 | 77,902 | 21,285
596,430,514 | 6,379,905 | 90,338 | 20,522
596,430,503 | 5,747,310 | 67,999 | 21,840
