Performance results for ./matrix/4.mtx | threads=8 | chunksize=1000
L1-dcache-loads | L1-dcache-load-misses | LLC-loads | LLC-load-misses
77,577,742,663 | 341,588,182 | 1,477,246 | 849,959
77,579,867,060 | 342,228,431 | 1,474,926 | 813,463
77,578,689,704 | 343,449,526 | 1,433,427 | 807,685
77,580,138,480 | 341,161,938 | 1,452,101 | 809,478
77,577,756,738 | 341,288,628 | 1,468,181 | 826,157
77,579,841,789 | 340,527,690 | 1,505,945 | 808,525
77,577,639,793 | 340,408,354 | 1,437,547 | 804,862
77,577,774,339 | 342,152,074 | 1,479,748 | 860,016
77,580,025,796 | 342,461,009 | 1,434,384 | 818,413
77,577,749,910 | 340,367,316 | 1,454,547 | 816,999
