Performance results for ./matrix/1.mtx | threads=4 | chunksize=1
L1-dcache-loads | L1-dcache-load-misses | LLC-loads | LLC-load-misses
596,710,811 | 6,371,156 | 123,688 | 50,794
596,684,242 | 6,384,236 | 112,293 | 33,937
596,552,838 | 5,745,840 | 99,679 | 40,413
596,675,752 | 6,397,017 | 119,653 | 39,046
596,676,514 | 6,377,322 | 113,436 | 32,126
596,667,572 | 6,369,396 | 116,487 | 39,523
596,650,865 | 6,373,169 | 100,554 | 37,400
596,683,276 | 6,374,366 | 124,040 | 39,346
596,668,378 | 6,365,907 | 147,676 | 31,933
596,657,802 | 6,395,691 | 121,466 | 37,526
