Performance results for ./matrix/4.mtx | threads=64 | chunksize=100
L1-dcache-loads | L1-dcache-load-misses | LLC-loads | LLC-load-misses
77,626,653,858 | 341,913,527 | 2,429,606 | 917,926
77,626,595,840 | 344,662,930 | 1,858,581 | 935,482
77,625,648,362 | 341,165,684 | 1,745,115 | 848,217
77,617,096,027 | 342,030,009 | 1,664,949 | 853,639
77,624,269,707 | 341,602,713 | 1,711,134 | 910,163
77,617,721,880 | 341,056,147 | 1,709,596 | 924,196
77,624,540,378 | 340,611,214 | 1,748,680 | 859,555
77,624,142,913 | 340,248,852 | 1,835,687 | 874,945
77,629,946,849 | 342,365,070 | 1,698,712 | 884,527
77,625,698,378 | 342,017,234 | 1,700,281 | 859,181
