Performance results for ./matrix/3.mtx | threads=1 | chunksize=1000
L1-dcache-loads | L1-dcache-load-misses | LLC-loads | LLC-load-misses
56,140,127,677 | 1,066,189,177 | 474,239,334 | 53,366,014
56,140,127,967 | 1,062,306,898 | 474,041,848 | 54,731,115
56,140,127,871 | 1,076,774,426 | 474,634,023 | 54,330,141
56,140,127,580 | 1,081,443,686 | 474,741,899 | 54,051,938
56,140,127,819 | 1,061,605,606 | 474,033,224 | 54,513,691
56,140,127,984 | 1,063,377,005 | 474,073,703 | 54,579,362
56,140,127,822 | 1,061,305,533 | 474,387,869 | 54,401,404
56,140,127,677 | 1,032,297,225 | 473,299,551 | 54,516,462
56,140,127,603 | 1,078,311,667 | 474,883,632 | 54,490,780
56,140,128,192 | 1,077,725,097 | 474,779,230 | 55,613,262
