Performance results for ./matrix/3.mtx | threads=4 | chunksize=1000
L1-dcache-loads | L1-dcache-load-misses | LLC-loads | LLC-load-misses
56,141,188,807 | 1,062,839,441 | 474,129,828 | 54,064,106
56,141,198,473 | 1,063,340,672 | 474,107,295 | 50,534,087
56,141,199,824 | 1,083,051,163 | 475,111,633 | 51,340,109
56,141,130,035 | 1,063,654,411 | 474,126,008 | 48,964,312
56,141,117,886 | 1,076,750,036 | 475,312,438 | 51,725,566
56,141,943,864 | 1,062,351,122 | 474,390,448 | 50,662,773
56,141,171,045 | 1,077,355,117 | 475,012,476 | 51,213,618
56,141,086,826 | 1,061,547,513 | 474,075,168 | 49,655,555
56,141,100,718 | 1,076,290,783 | 474,998,903 | 51,535,520
56,141,127,688 | 1,079,835,894 | 475,157,621 | 49,991,094
