Performance results for ./matrix/5.mtx | threads=64 | chunksize=1000
L1-dcache-loads | L1-dcache-load-misses | LLC-loads | LLC-load-misses
134,409,405,779 | 428,612,703 | 31,401,400 | 17,584,748
134,411,270,079 | 433,472,009 | 33,543,110 | 17,989,060
134,411,006,928 | 430,058,972 | 33,615,458 | 18,038,613
134,409,179,688 | 430,792,743 | 33,785,600 | 18,027,363
134,396,020,956 | 422,032,984 | 33,831,540 | 17,984,361
134,411,550,056 | 428,803,995 | 33,494,650 | 17,851,690
134,395,969,506 | 428,264,379 | 33,387,074 | 17,876,527
134,411,465,348 | 416,889,054 | 33,142,032 | 17,376,386
134,411,253,664 | 417,816,357 | 33,366,446 | 17,281,775
134,410,696,818 | 421,629,145 | 33,493,479 | 17,952,651
