Performance results for ./matrix/1.mtx | threads=8 | chunksize=100
L1-dcache-loads | L1-dcache-load-misses | LLC-loads | LLC-load-misses
597,015,204 | 6,375,137 | 127,938 | 42,459
596,707,728 | 5,766,694 | 136,890 | 43,223
596,999,671 | 6,381,771 | 154,833 | 36,595
596,981,127 | 6,398,018 | 153,136 | 38,912
596,989,892 | 6,133,573 | 141,756 | 39,191
596,707,748 | 5,746,176 | 142,931 | 43,150
597,029,417 | 6,387,052 | 153,397 | 43,681
596,979,104 | 6,394,025 | 153,016 | 43,420
597,025,272 | 6,394,916 | 124,197 | 42,703
596,990,239 | 6,383,597 | 139,337 | 42,697
