Performance results for ./matrix/4.mtx | threads=2 | chunksize=1000
L1-dcache-loads | L1-dcache-load-misses | LLC-loads | LLC-load-misses
77,576,246,039 | 339,725,131 | 1,416,284 | 797,095
77,576,243,473 | 340,988,653 | 1,432,972 | 795,751
77,576,242,679 | 341,325,654 | 1,466,182 | 802,590
77,576,248,105 | 341,819,324 | 1,472,704 | 854,742
77,576,240,815 | 343,581,554 | 1,428,597 | 794,086
77,576,242,165 | 340,897,392 | 1,418,000 | 793,864
77,576,239,706 | 341,776,746 | 1,419,551 | 789,378
77,576,243,121 | 341,294,650 | 1,389,754 | 779,861
77,576,242,025 | 340,772,572 | 1,458,946 | 790,451
77,576,244,198 | 341,631,878 | 1,556,498 | 868,871
