Performance results for ./matrix/2.mtx | threads=32 | chunksize=100
L1-dcache-loads | L1-dcache-load-misses | LLC-loads | LLC-load-misses
2,943,136,694 | 32,149,256 | 642,053 | 102,352
2,943,114,213 | 32,025,759 | 716,031 | 102,172
2,945,703,029 | 36,258,864 | 885,341 | 106,982
2,945,591,360 | 36,229,126 | 800,087 | 107,085
2,943,100,105 | 31,851,283 | 653,760 | 102,850
2,943,002,308 | 32,055,869 | 817,220 | 107,584
2,943,744,179 | 32,289,576 | 717,604 | 98,655
2,943,061,604 | 31,782,656 | 734,916 | 102,721
2,945,705,664 | 36,263,867 | 754,652 | 111,902
2,943,759,827 | 32,335,072 | 717,256 | 101,138
