Performance results for ./matrix/5.mtx | threads=32 | chunksize=100
L1-dcache-loads | L1-dcache-load-misses | LLC-loads | LLC-load-misses
134,375,614,619 | 419,978,682 | 32,710,748 | 16,889,627
134,375,534,564 | 426,314,116 | 33,048,932 | 17,497,944
134,375,600,839 | 424,939,184 | 32,916,111 | 17,338,610
134,375,619,317 | 413,150,895 | 33,176,032 | 17,262,903
134,375,485,725 | 425,642,202 | 33,035,047 | 17,606,022
134,375,608,788 | 422,289,565 | 32,371,487 | 17,081,815
134,375,637,872 | 425,032,302 | 32,591,755 | 17,331,732
134,375,557,325 | 412,782,992 | 32,113,358 | 16,812,543
134,375,444,254 | 426,086,577 | 32,854,083 | 17,125,873
134,381,838,588 | 423,779,815 | 32,621,209 | 17,463,583
