Performance results for ./matrix/1.mtx | threads=2 | chunksize=1
L1-dcache-loads | L1-dcache-load-misses | LLC-loads | LLC-load-misses
596,512,022 | 6,367,353 | 83,155 | 19,438
596,468,513 | 5,751,788 | 107,223 | 22,408
596,508,166 | 6,381,819 | 80,971 | 19,477
596,515,463 | 6,358,692 | 99,238 | 20,552
596,470,879 | 5,756,132 | 95,061 | 35,313
596,508,115 | 6,376,821 | 90,306 | 19,984
596,506,864 | 6,367,671 | 95,498 | 20,733
596,527,591 | 6,374,437 | 95,560 | 35,188
596,510,717 | 6,379,156 | 114,337 | 34,523
596,507,894 | 6,373,029 | 90,471 | 20,301
