Performance results for ./matrix/3.mtx | threads=16 | chunksize=1
L1-dcache-loads | L1-dcache-load-misses | LLC-loads | LLC-load-misses
56,145,552,699 | 1,076,739,993 | 474,977,026 | 50,730,499
56,144,975,950 | 1,080,171,464 | 475,278,869 | 48,856,097
56,145,133,837 | 1,079,614,471 | 475,039,189 | 51,407,377
56,144,934,508 | 1,080,695,480 | 475,115,798 | 51,404,603
56,145,021,859 | 1,080,470,349 | 474,851,810 | 48,959,822
56,145,046,032 | 1,079,127,025 | 474,915,233 | 49,033,773
56,146,913,223 | 1,080,468,044 | 474,723,575 | 48,530,352
56,145,199,403 | 1,080,189,340 | 475,243,369 | 49,133,884
56,146,546,423 | 1,077,876,280 | 475,099,985 | 48,464,705
56,144,917,561 | 1,080,465,747 | 474,986,559 | 49,166,069
