Performance results for ./matrix/5.mtx | threads=16 | chunksize=100
L1-dcache-loads | L1-dcache-load-misses | LLC-loads | LLC-load-misses
134,365,711,046 | 403,967,066 | 21,236,906 | 13,280,664
134,365,690,300 | 406,149,365 | 21,257,967 | 13,446,083
134,365,689,259 | 403,341,741 | 21,273,077 | 13,453,944
134,365,725,239 | 404,386,048 | 21,914,877 | 13,413,245
134,365,694,907 | 403,507,651 | 20,910,569 | 13,548,851
134,365,733,704 | 404,556,190 | 21,061,635 | 13,449,534
134,365,694,756 | 402,924,977 | 21,292,046 | 13,554,434
134,365,698,878 | 402,545,576 | 21,382,993 | 13,388,268
134,365,724,376 | 406,156,119 | 21,411,138 | 13,522,197
134,365,690,155 | 403,516,231 | 21,377,723 | 13,539,759
