Performance results for ./matrix/4.mtx | threads=4 | chunksize=1
L1-dcache-loads | L1-dcache-load-misses | LLC-loads | LLC-load-misses
77,576,763,211 | 339,272,332 | 1,581,274 | 800,424
77,576,758,136 | 341,554,332 | 1,455,425 | 812,340
77,576,943,188 | 340,900,287 | 1,466,266 | 809,104
77,576,796,668 | 343,354,419 | 1,491,704 | 832,858
77,576,788,147 | 342,539,399 | 1,489,277 | 853,329
77,576,750,357 | 341,444,392 | 1,448,516 | 807,089
77,576,799,814 | 341,992,478 | 1,419,154 | 796,778
77,576,953,642 | 342,747,963 | 1,483,309 | 825,801
77,576,786,365 | 340,462,857 | 1,472,335 | 806,170
77,576,791,974 | 340,264,503 | 1,428,571 | 801,917
