Performance results for ./matrix/2.mtx | threads=8 | chunksize=1
L1-dcache-loads | L1-dcache-load-misses | LLC-loads | LLC-load-misses
2,937,504,046 | 36,296,687 | 600,897 | 108,098
2,937,531,245 | 36,262,000 | 723,672 | 108,513
2,936,786,725 | 31,863,453 | 559,699 | 103,758
2,937,506,114 | 36,338,619 | 719,446 | 108,701
2,937,483,115 | 36,182,285 | 647,839 | 110,387
2,937,496,357 | 36,249,425 | 614,185 | 110,987
2,937,498,447 | 36,293,600 | 574,546 | 106,787
2,937,489,143 | 36,206,732 | 623,344 | 108,937
2,937,548,703 | 36,338,363 | 609,424 | 101,480
2,936,795,399 | 31,542,084 | 436,378 | 103,287
