Performance results for ./matrix/4.mtx | threads=2 | chunksize=1
L1-dcache-loads | L1-dcache-load-misses | LLC-loads | LLC-load-misses
77,576,241,800 | 341,070,278 | 1,427,965 | 817,041
77,576,242,648 | 340,404,484 | 1,471,295 | 865,236
77,576,241,027 | 342,346,480 | 1,392,108 | 787,348
77,576,242,557 | 340,865,282 | 1,490,895 | 790,513
77,576,246,131 | 340,522,681 | 1,509,039 | 780,961
77,576,238,801 | 341,703,533 | 1,455,652 | 802,065
77,576,246,906 | 342,651,165 | 1,452,656 | 802,418
77,576,239,956 | 338,824,997 | 1,438,715 | 783,246
77,576,241,634 | 341,682,708 | 1,360,145 | 759,318
77,576,239,288 | 341,362,818 | 1,375,359 | 793,904
