Performance results for ./matrix/1.mtx | threads=16 | chunksize=1
L1-dcache-loads | L1-dcache-load-misses | LLC-loads | LLC-load-misses
597,144,887 | 5,761,180 | 204,917 | 45,522
597,819,029 | 6,392,289 | 165,365 | 43,534
597,776,705 | 6,390,255 | 207,046 | 44,458
596,959,753 | 5,757,504 | 219,302 | 47,933
597,770,234 | 6,416,643 | 191,323 | 44,227
597,743,032 | 6,387,595 | 220,487 | 43,920
597,737,524 | 6,390,936 | 195,234 | 43,528
597,769,224 | 6,378,925 | 176,135 | 44,887
597,785,989 | 6,381,352 | 195,209 | 44,925
597,762,241 | 6,387,403 | 173,517 | 43,638
