Performance results for ./matrix/2.mtx | threads=1 | chunksize=1000
L1-dcache-loads | L1-dcache-load-misses | LLC-loads | LLC-load-misses
2,935,329,264 | 36,327,787 | 536,018 | 80,669
2,935,329,260 | 36,226,660 | 580,565 | 83,596
2,935,329,255 | 36,288,364 | 594,115 | 86,668
2,935,329,250 | 36,231,432 | 645,577 | 86,436
2,935,329,269 | 36,241,473 | 594,682 | 84,673
2,935,329,232 | 36,244,617 | 771,393 | 83,995
2,935,329,232 | 31,824,238 | 417,854 | 81,085
2,935,329,254 | 36,329,231 | 713,857 | 87,395
2,935,329,243 | 36,176,016 | 670,610 | 83,667
2,935,329,246 | 36,270,004 | 474,950 | 83,252
