Performance results for ./matrix/1.mtx | threads=1 | chunksize=1
L1-dcache-loads | L1-dcache-load-misses | LLC-loads | LLC-load-misses
596,430,506 | 6,388,300 | 82,460 | 20,483
596,430,496 | 5,750,639 | 73,594 | 21,015
596,430,513 | 6,375,059 | 72,249 | 21,071
596,430,523 | 6,380,938 | 69,553 | 22,220
596,430,502 | 5,748,014 | 79,919 | 22,909
596,430,509 | 6,371,164 | 84,747 | 18,631
596,430,509 | 6,386,742 | 89,642 | 18,817
596,430,499 | 6,375,250 | 82,966 | 21,143
596,430,507 | 6,122,324 | 93,702 | 21,393
596,430,499 | 6,380,208 | 85,621 | 19,199
