Performance results for ./matrix/3.mtx | threads=2 | chunksize=1000
L1-dcache-loads | L1-dcache-load-misses | LLC-loads | LLC-load-misses
56,140,730,060 | 1,077,959,885 | 474,847,832 | 51,772,308
56,140,472,695 | 1,030,981,484 | 473,281,544 | 50,149,396
56,140,733,945 | 1,063,744,417 | 474,070,587 | 50,817,558
56,140,734,386 | 1,062,276,513 | 474,071,243 | 51,221,433
56,140,734,993 | 1,030,268,979 | 473,327,601 | 51,229,450
56,140,734,071 | 1,079,998,479 | 476,630,506 | 55,355,308
56,140,734,466 | 1,064,668,079 | 474,428,549 | 51,813,590
56,140,734,845 | 1,080,125,139 | 475,822,284 | 52,964,746
56,140,454,116 | 1,078,528,300 | 474,700,596 | 53,566,214
56,140,733,891 | 1,069,937,389 | 474,211,285 | 50,728,506
