Performance results for ./matrix/5.mtx | threads=1 | chunksize=1000
L1-dcache-loads | L1-dcache-load-misses | LLC-loads | LLC-load-misses
134,356,644,007 | 406,563,834 | 21,279,574 | 13,327,334
134,356,644,005 | 406,562,228 | 21,234,376 | 13,348,834
134,356,644,000 | 408,922,480 | 21,107,137 | 13,316,732
134,356,644,007 | 407,616,785 | 20,951,836 | 13,365,207
134,356,644,006 | 407,543,191 | 21,299,627 | 13,389,810
134,356,644,002 | 406,075,863 | 21,296,503 | 13,337,598
134,356,644,002 | 407,318,069 | 21,348,147 | 13,372,612
134,356,643,997 | 405,556,852 | 21,361,970 | 13,358,054
134,356,644,006 | 408,142,692 | 21,266,285 | 13,368,109
134,356,643,990 | 406,569,162 | 21,354,188 | 13,364,813
