Performance results for ./matrix/1.mtx | threads=2 | chunksize=100
L1-dcache-loads | L1-dcache-load-misses | LLC-loads | LLC-load-misses
596,513,014 | 6,381,654 | 92,180 | 21,387
596,513,717 | 6,389,166 | 82,130 | 21,588
596,524,868 | 6,386,394 | 120,817 | 34,314
596,505,244 | 6,371,210 | 88,554 | 34,445
596,513,756 | 6,379,057 | 128,258 | 34,415
596,504,877 | 6,372,474 | 81,694 | 19,306
596,501,616 | 6,126,938 | 80,562 | 20,521
596,519,895 | 6,370,288 | 78,751 | 20,930
596,502,680 | 6,372,522 | 92,922 | 18,940
596,464,484 | 5,750,612 | 91,445 | 20,767
