Performance results for ./matrix/5.mtx | threads=8 | chunksize=1000
L1-dcache-loads | L1-dcache-load-misses | LLC-loads | LLC-load-misses
134,360,858,858 | 403,536,795 | 21,291,340 | 12,900,546
134,360,901,078 | 402,629,081 | 21,336,818 | 13,027,831
134,360,854,813 | 405,245,870 | 21,506,775 | 13,748,646
134,360,857,770 | 403,634,125 | 21,604,442 | 13,007,110
134,360,859,024 | 405,807,212 | 21,476,747 | 13,352,138
134,360,908,504 | 405,294,112 | 21,355,723 | 13,287,094
134,360,858,497 | 402,579,304 | 21,264,195 | 13,558,206
134,360,858,225 | 405,403,807 | 21,324,457 | 13,045,208
134,360,854,687 | 404,184,851 | 21,369,462 | 13,814,219
134,360,858,300 | 403,468,738 | 21,353,346 | 12,958,443
