Performance results for ./matrix/1.mtx | threads=16 | chunksize=100
L1-dcache-loads | L1-dcache-load-misses | LLC-loads | LLC-load-misses
597,802,065 | 6,401,892 | 169,406 | 41,388
597,731,315 | 6,394,414 | 165,089 | 45,688
599,257,498 | 6,370,833 | 181,730 | 40,240
598,835,645 | 5,768,699 | 210,378 | 48,359
596,934,691 | 5,767,043 | 191,633 | 47,337
597,818,249 | 6,388,520 | 164,640 | 42,564
597,174,081 | 5,757,145 | 162,694 | 45,682
597,162,295 | 5,754,839 | 193,676 | 46,187
597,728,322 | 6,386,287 | 151,670 | 42,936
597,714,948 | 6,383,904 | 200,608 | 45,781
