Performance results for ./matrix/2.mtx | threads=16 | chunksize=100
L1-dcache-loads | L1-dcache-load-misses | LLC-loads | LLC-load-misses
2,940,105,514 | 36,247,266 | 691,065 | 110,546
2,940,073,914 | 36,278,559 | 725,112 | 109,184
2,938,697,076 | 31,592,886 | 554,873 | 104,516
2,938,604,843 | 31,861,594 | 598,398 | 106,048
2,940,087,319 | 36,236,610 | 844,602 | 109,397
2,938,645,502 | 31,676,955 | 517,129 | 108,045
2,940,070,502 | 36,303,817 | 788,446 | 101,055
2,938,605,156 | 31,698,030 | 635,869 | 110,756
2,940,112,669 | 36,274,701 | 764,878 | 107,337
2,939,156,858 | 31,849,109 | 545,351 | 104,129
