Performance results for ./matrix/5.mtx | threads=64 | chunksize=1
L1-dcache-loads | L1-dcache-load-misses | LLC-loads | LLC-load-misses
134,410,454,366 | 423,573,605 | 33,636,611 | 18,019,540
134,410,968,318 | 424,549,975 | 33,378,130 | 17,594,110
134,410,518,675 | 430,941,172 | 33,473,217 | 17,710,110
134,411,040,595 | 423,293,635 | 33,453,045 | 17,873,733
134,396,037,833 | 425,809,517 | 33,721,050 | 18,178,025
134,410,732,281 | 426,656,743 | 33,569,501 | 18,147,094
134,410,254,482 | 423,871,663 | 33,548,610 | 17,801,526
134,395,953,894 | 418,276,577 | 33,423,275 | 17,995,699
134,411,103,624 | 429,301,549 | 33,483,533 | 17,807,157
134,411,588,523 | 428,621,698 | 34,075,685 | 18,109,563
