Performance results for ./matrix/2.mtx | threads=2 | chunksize=1000
L1-dcache-loads | L1-dcache-load-misses | LLC-loads | LLC-load-misses
2,935,559,577 | 31,857,696 | 607,396 | 76,008
2,935,639,064 | 36,190,701 | 660,627 | 87,190
2,935,546,557 | 31,687,837 | 577,166 | 79,012
2,935,641,164 | 36,237,377 | 525,754 | 80,969
2,935,645,543 | 36,312,344 | 644,059 | 83,636
2,935,661,950 | 36,252,391 | 496,618 | 102,127
2,935,647,714 | 36,289,596 | 577,371 | 85,288
2,935,663,300 | 36,179,509 | 569,661 | 96,090
2,935,641,619 | 36,188,945 | 682,382 | 85,061
2,935,531,835 | 31,385,924 | 665,361 | 81,512
