Performance results for ./matrix/4.mtx | threads=4 | chunksize=1000
L1-dcache-loads | L1-dcache-load-misses | LLC-loads | LLC-load-misses
77,577,871,640 | 360,500,625 | 2,483,721 | 1,591,121
77,577,871,099 | 360,926,926 | 2,527,434 | 1,579,014
77,576,892,107 | 340,025,409 | 1,679,625 | 807,646
77,576,961,747 | 340,991,782 | 1,448,501 | 810,794
77,576,589,152 | 340,420,415 | 1,426,695 | 800,018
77,576,739,510 | 341,699,607 | 1,477,830 | 803,986
77,576,721,893 | 341,744,906 | 1,508,817 | 827,112
77,576,940,163 | 341,739,059 | 1,513,134 | 865,832
77,576,957,056 | 339,318,213 | 1,522,885 | 805,465
77,576,974,108 | 341,007,269 | 1,498,514 | 866,172
