Performance results for ./matrix/1.mtx | threads=16 | chunksize=1000
L1-dcache-loads | L1-dcache-load-misses | LLC-loads | LLC-load-misses
597,875,870 | 6,386,451 | 225,187 | 42,594
597,881,352 | 6,390,039 | 165,278 | 43,770
597,835,633 | 6,376,886 | 204,053 | 45,006
597,761,102 | 6,393,862 | 179,318 | 44,096
597,191,385 | 5,758,720 | 215,250 | 44,421
597,861,240 | 6,403,721 | 183,328 | 44,036
597,796,650 | 6,388,202 | 206,034 | 44,124
597,810,219 | 6,382,900 | 202,162 | 42,559
597,819,255 | 6,379,804 | 200,760 | 44,458
597,906,972 | 6,374,636 | 186,374 | 35,732
