Performance results for ./matrix/5.mtx | threads=2 | chunksize=1
L1-dcache-loads | L1-dcache-load-misses | LLC-loads | LLC-load-misses
134,357,247,660 | 399,337,327 | 21,398,925 | 12,594,946
134,357,247,635 | 407,045,563 | 21,343,010 | 13,235,724
134,357,247,603 | 408,511,207 | 21,239,259 | 12,968,385
134,357,247,648 | 407,331,908 | 21,187,745 | 12,967,191
134,357,247,593 | 407,641,265 | 21,303,981 | 13,087,333
134,357,247,641 | 407,350,397 | 21,598,846 | 13,368,488
134,357,247,576 | 410,559,146 | 21,355,101 | 13,011,668
134,357,247,536 | 404,267,096 | 21,643,425 | 13,058,094
134,357,247,634 | 407,873,066 | 21,345,788 | 13,255,769
134,357,247,598 | 406,657,428 | 21,285,944 | 13,062,860
