Performance results for ./matrix/5.mtx | threads=8 | chunksize=1
L1-dcache-loads | L1-dcache-load-misses | LLC-loads | LLC-load-misses
134,360,857,301 | 405,140,486 | 21,027,139 | 13,648,241
134,360,859,605 | 401,739,303 | 21,421,757 | 13,664,751
134,360,859,243 | 404,947,511 | 21,303,695 | 13,276,495
134,360,859,132 | 404,207,111 | 21,646,357 | 13,433,941
134,360,860,786 | 404,787,324 | 21,316,371 | 13,062,965
134,360,858,494 | 403,912,512 | 21,151,031 | 13,088,308
134,360,856,943 | 401,554,962 | 21,372,139 | 13,481,456
134,360,859,213 | 405,428,356 | 21,243,321 | 13,337,830
134,360,865,895 | 406,466,200 | 21,364,433 | 13,322,694
134,360,859,083 | 402,813,913 | 21,695,795 | 13,166,465
