Performance results for ./matrix/2.mtx | threads=1 | chunksize=100
L1-dcache-loads | L1-dcache-load-misses | LLC-loads | LLC-load-misses
2,935,329,240 | 31,577,659 | 365,055 | 82,023
2,935,329,234 | 31,932,549 | 535,289 | 75,333
2,935,329,233 | 31,557,905 | 508,845 | 74,893
2,935,329,227 | 31,842,345 | 402,339 | 81,786
2,935,329,248 | 36,265,158 | 544,214 | 84,963
2,935,329,241 | 36,223,490 | 827,681 | 78,424
2,935,329,240 | 31,478,178 | 635,834 | 76,712
2,935,329,250 | 36,202,462 | 556,851 | 84,871
2,935,329,237 | 36,227,683 | 603,938 | 83,420
2,935,329,242 | 36,319,451 | 631,312 | 84,883
