Performance results for ./matrix/2.mtx | threads=4 | chunksize=1
L1-dcache-loads | L1-dcache-load-misses | LLC-loads | LLC-load-misses
2,936,296,166 | 36,231,081 | 564,074 | 105,599
2,936,264,049 | 36,207,690 | 576,488 | 102,166
2,936,248,448 | 36,230,899 | 604,124 | 104,013
2,936,240,485 | 36,185,294 | 731,903 | 99,630
2,935,901,605 | 31,345,409 | 550,589 | 100,623
2,936,238,625 | 36,308,409 | 778,662 | 105,563
2,936,249,139 | 36,231,881 | 774,367 | 100,069
2,936,246,910 | 36,234,247 | 606,829 | 103,072
2,936,298,026 | 36,220,240 | 645,033 | 101,813
2,936,240,639 | 36,309,409 | 719,045 | 102,251
