Performance results for ./matrix/2.mtx | threads=64 | chunksize=1
L1-dcache-loads | L1-dcache-load-misses | LLC-loads | LLC-load-misses
2,986,806,633 | 36,241,820 | 916,700 | 114,506
2,971,729,587 | 32,262,595 | 985,751 | 100,701
2,982,420,475 | 32,027,828 | 904,368 | 106,207
2,982,001,174 | 31,843,148 | 904,760 | 104,329
2,987,426,023 | 36,245,061 | 951,020 | 112,880
2,983,397,119 | 32,222,277 | 905,694 | 104,961
2,982,210,423 | 32,305,711 | 755,022 | 105,085
2,987,511,467 | 36,239,433 | 964,712 | 110,710
2,988,518,635 | 36,313,905 | 945,185 | 110,476
2,982,422,989 | 32,248,313 | 704,807 | 109,436
