Performance results for ./matrix/2.mtx | threads=4 | chunksize=100
L1-dcache-loads | L1-dcache-load-misses | LLC-loads | LLC-load-misses
2,936,253,844 | 36,191,844 | 597,491 | 103,676
2,936,255,949 | 36,335,516 | 532,185 | 96,519
2,935,960,685 | 31,510,411 | 441,923 | 90,608
2,936,244,238 | 36,210,700 | 649,315 | 104,443
2,936,271,470 | 36,215,407 | 735,120 | 102,227
2,936,250,577 | 36,266,835 | 692,255 | 102,541
2,935,922,480 | 31,314,152 | 467,494 | 103,024
2,936,250,478 | 36,271,214 | 609,030 | 103,814
2,936,246,017 | 36,300,611 | 521,682 | 105,802
2,936,249,747 | 36,235,588 | 670,043 | 95,113
