Performance results for ./matrix/4.mtx | threads=1 | chunksize=1
L1-dcache-loads | L1-dcache-load-misses | LLC-loads | LLC-load-misses
77,667,867,988 | 345,499,340 | 1,757,695 | 865,155
77,667,867,973 | 344,599,475 | 1,659,215 | 825,666
77,667,867,981 | 347,504,779 | 1,871,345 | 951,991
77,667,868,073 | 339,685,346 | 1,462,063 | 786,942
77,667,867,985 | 342,384,741 | 1,480,039 | 819,637
77,667,867,980 | 341,332,821 | 1,448,428 | 811,492
77,667,867,984 | 340,793,345 | 1,399,143 | 781,953
77,667,867,975 | 342,106,271 | 1,391,854 | 789,805
77,667,867,979 | 343,021,074 | 1,441,003 | 782,559
77,667,867,982 | 340,650,999 | 1,517,230 | 784,565
