Performance results for ./matrix/3.mtx | threads=4 | chunksize=1000
L1-dcache-loads | L1-dcache-load-misses | LLC-loads | LLC-load-misses
56,141,095,088 | 1,036,539,333 | 473,083,248 | 27,531,918
56,141,104,554 | 1,035,888,468 | 473,085,250 | 31,137,671
56,141,094,243 | 1,035,955,479 | 472,975,689 | 30,332,925
56,141,093,712 | 982,451,924 | 464,480,900 | 27,511,890
56,141,081,820 | 984,507,943 | 464,455,644 | 25,891,935
56,141,094,784 | 985,524,140 | 464,343,596 | 25,190,273
56,141,091,956 | 983,992,185 | 464,446,342 | 25,845,415
56,141,098,591 | 982,171,076 | 464,288,299 | 26,485,986
56,141,081,345 | 978,947,006 | 464,605,433 | 24,858,138
56,141,097,049 | 980,053,559 | 464,677,262 | 25,669,936
