Performance results for ./matrix/3.mtx | threads=64 | chunksize=100
L1-dcache-loads | L1-dcache-load-misses | LLC-loads | LLC-load-misses
56,175,562,121 | 1,038,307,953 | 474,111,861 | 26,547,924
56,161,059,656 | 1,038,751,937 | 474,156,466 | 26,622,360
56,175,029,007 | 1,034,556,428 | 474,004,200 | 28,850,743
56,173,898,896 | 1,042,324,949 | 474,397,200 | 27,849,291
56,176,928,637 | 1,039,127,952 | 474,178,081 | 27,224,874
56,175,688,185 | 1,041,641,105 | 474,028,860 | 26,862,028
56,160,865,194 | 1,038,420,358 | 474,084,542 | 27,790,259
56,161,125,079 | 1,040,199,744 | 474,242,238 | 27,451,210
56,176,237,415 | 1,041,003,844 | 474,142,408 | 27,120,776
56,175,745,874 | 1,042,730,031 | 474,302,786 | 27,117,491
