Performance results for ./matrix/2.mtx | threads=4 | chunksize=100
L1-dcache-loads | L1-dcache-load-misses | LLC-loads | LLC-load-misses
2,935,371,366 | 28,624,435 | 381,141 | 119,993
2,935,373,045 | 28,675,437 | 364,115 | 113,755
2,935,372,250 | 28,712,950 | 380,042 | 115,426
2,935,372,290 | 28,683,924 | 352,722 | 120,585
2,935,372,444 | 28,614,885 | 358,056 | 120,365
2,935,371,940 | 28,618,945 | 379,496 | 115,123
2,935,372,764 | 28,930,069 | 427,128 | 115,964
2,935,371,555 | 28,630,319 | 369,716 | 115,223
2,935,372,088 | 28,620,995 | 435,047 | 121,266
2,935,384,838 | 28,593,270 | 352,619 | 113,493
