Performance results for ./matrix/4.mtx | threads=16 | chunksize=100
L1-dcache-loads | L1-dcache-load-misses | LLC-loads | LLC-load-misses
77,579,333,087 | 344,411,532 | 2,918,691 | 1,627,403
77,579,306,425 | 345,696,821 | 2,981,901 | 1,593,610
77,581,554,946 | 347,053,519 | 3,773,667 | 1,892,026
77,581,554,316 | 350,627,715 | 3,815,672 | 2,066,936
77,581,599,158 | 349,125,782 | 3,879,257 | 2,007,243
77,581,521,889 | 349,578,134 | 3,832,492 | 2,017,453
77,581,526,641 | 349,554,876 | 3,941,424 | 2,137,088
77,581,558,567 | 351,917,304 | 3,865,890 | 2,058,563
77,581,524,408 | 347,415,748 | 3,833,331 | 1,952,696
77,581,565,404 | 349,398,328 | 3,912,278 | 2,033,208
