Performance results for ./matrix/5.mtx | threads=8 | chunksize=1000
L1-dcache-loads | L1-dcache-load-misses | LLC-loads | LLC-load-misses
134,362,272,091 | 399,749,438 | 31,384,260 | 18,150,022
134,362,270,317 | 404,217,025 | 31,535,821 | 18,360,685
134,362,275,294 | 410,511,301 | 33,103,297 | 18,965,857
134,362,269,950 | 408,688,756 | 33,287,334 | 19,270,030
134,362,269,694 | 398,028,802 | 32,545,469 | 18,483,385
134,362,270,695 | 397,278,530 | 32,648,647 | 18,777,026
134,362,269,633 | 412,470,820 | 32,777,592 | 18,852,066
134,362,273,606 | 399,866,444 | 32,864,787 | 18,504,706
134,362,296,480 | 407,441,382 | 32,113,352 | 18,262,506
134,362,270,117 | 407,160,822 | 32,625,830 | 18,617,041
