Performance results for ./matrix/2.mtx | threads=16 | chunksize=1
L1-dcache-loads | L1-dcache-load-misses | LLC-loads | LLC-load-misses
2,935,923,161 | 28,912,223 | 730,188 | 179,637
2,935,862,092 | 28,942,753 | 608,220 | 180,444
2,935,879,002 | 28,957,294 | 614,037 | 177,822
2,935,893,243 | 28,942,223 | 629,193 | 191,941
2,935,890,290 | 28,908,912 | 580,122 | 179,185
2,935,894,141 | 28,963,670 | 596,938 | 184,067
2,935,874,650 | 28,964,189 | 637,356 | 191,716
2,935,932,085 | 28,995,200 | 582,078 | 178,517
2,935,864,619 | 28,973,088 | 617,718 | 181,387
2,935,864,438 | 28,958,598 | 610,569 | 188,878
