Performance results for ./matrix/2.mtx | threads=32 | chunksize=100
L1-dcache-loads | L1-dcache-load-misses | LLC-loads | LLC-load-misses
2,938,982,171 | 36,132,699 | 715,046 | 84,040
2,938,990,747 | 36,170,457 | 632,001 | 83,402
2,938,858,998 | 35,699,539 | 824,311 | 85,148
2,939,081,298 | 36,163,319 | 753,752 | 83,862
2,938,834,441 | 35,869,707 | 704,372 | 85,113
2,938,890,208 | 36,111,164 | 713,030 | 82,743
2,951,241,143 | 36,113,446 | 669,267 | 75,466
2,938,950,764 | 36,101,257 | 758,138 | 80,932
2,938,933,090 | 36,105,224 | 685,244 | 80,809
2,938,944,506 | 36,134,287 | 862,015 | 82,593
