Performance results for ./matrix/5.mtx | threads=8 | chunksize=100
L1-dcache-loads | L1-dcache-load-misses | LLC-loads | LLC-load-misses
134,374,998,333 | 421,913,580 | 28,045,953 | 18,275,917
134,375,024,655 | 425,512,640 | 28,028,654 | 18,619,345
134,374,998,069 | 425,733,850 | 28,100,340 | 18,742,122
134,372,904,232 | 422,513,438 | 28,527,775 | 19,670,280
134,375,013,626 | 431,701,827 | 41,504,438 | 22,568,005
134,372,901,078 | 442,364,864 | 41,480,809 | 22,761,614
134,375,004,253 | 438,959,730 | 41,878,729 | 22,659,749
134,372,906,942 | 440,048,632 | 39,832,466 | 23,047,269
134,375,000,018 | 438,209,701 | 41,637,976 | 24,126,405
134,375,003,289 | 427,297,126 | 39,651,916 | 22,442,589
