Performance results for ./matrix/2.mtx | threads=16 | chunksize=100
L1-dcache-loads | L1-dcache-load-misses | LLC-loads | LLC-load-misses
2,935,542,459 | 28,647,925 | 447,009 | 115,133
2,935,609,995 | 28,684,443 | 569,623 | 109,169
2,935,542,466 | 28,653,373 | 512,725 | 118,771
2,935,626,903 | 28,653,242 | 501,630 | 121,880
2,935,641,177 | 28,663,382 | 455,586 | 115,810
2,935,573,022 | 28,708,607 | 568,140 | 117,197
2,935,545,442 | 28,625,604 | 611,446 | 116,178
2,935,613,377 | 28,612,316 | 483,595 | 111,030
2,935,542,070 | 28,671,346 | 495,095 | 115,047
2,935,574,469 | 28,659,720 | 464,548 | 120,931
