Performance results for ./matrix/3.mtx | threads=64 | chunksize=1000
L1-dcache-loads | L1-dcache-load-misses | LLC-loads | LLC-load-misses
56,187,164,209 | 1,039,809,854 | 473,556,534 | 26,519,552
56,178,700,045 | 1,040,615,173 | 473,706,167 | 26,445,938
56,183,745,285 | 1,038,740,850 | 473,680,673 | 26,355,265
56,192,022,096 | 1,039,164,629 | 473,674,976 | 26,648,107
56,177,416,295 | 1,039,755,183 | 474,021,965 | 29,689,904
56,163,602,829 | 1,040,764,495 | 473,790,922 | 29,569,530
56,167,653,962 | 1,039,245,347 | 473,760,000 | 26,706,168
56,178,574,961 | 1,039,088,844 | 473,633,318 | 29,483,745
56,190,077,157 | 1,036,611,616 | 473,670,739 | 26,258,326
56,190,669,118 | 1,038,806,797 | 473,558,575 | 26,438,228
