Performance results for ./matrix/1.mtx | threads=2 | chunksize=100
L1-dcache-loads | L1-dcache-load-misses | LLC-loads | LLC-load-misses
596,446,103 | 5,773,112 | 88,163 | 11,508
596,446,003 | 5,772,204 | 82,552 | 12,880
596,441,747 | 5,768,896 | 99,053 | 15,915
596,446,048 | 5,756,387 | 88,651 | 12,401
596,445,854 | 5,757,286 | 97,485 | 17,898
596,446,028 | 5,769,068 | 97,044 | 15,186
596,445,921 | 5,748,578 | 88,454 | 13,921
596,445,867 | 5,764,233 | 98,219 | 14,185
596,446,215 | 5,759,189 | 82,904 | 12,448
596,441,531 | 5,764,296 | 101,207 | 13,771
