Performance results for ./matrix/1.mtx | threads=32 | chunksize=1
L1-dcache-loads | L1-dcache-load-misses | LLC-loads | LLC-load-misses
597,373,956 | 6,067,726 | 379,829 | 59,483
597,381,605 | 6,083,901 | 357,341 | 61,592
597,565,209 | 6,060,910 | 372,094 | 57,964
597,340,959 | 6,072,851 | 379,689 | 58,963
597,410,791 | 6,070,463 | 401,767 | 57,209
597,408,116 | 6,070,285 | 379,568 | 58,540
597,353,321 | 6,059,243 | 380,952 | 58,055
597,324,222 | 6,067,002 | 364,757 | 59,842
597,301,516 | 6,072,858 | 376,746 | 57,783
597,441,899 | 6,059,666 | 389,737 | 60,146
