Performance results for ./matrix/4.mtx | threads=64 | chunksize=1
L1-dcache-loads | L1-dcache-load-misses | LLC-loads | LLC-load-misses
77,693,926,844 | 546,762,226 | 52,045,651 | 13,113,063
77,703,593,596 | 538,007,625 | 49,650,215 | 13,319,916
77,690,182,811 | 546,745,633 | 52,465,142 | 13,156,743
77,703,592,220 | 551,175,159 | 53,416,644 | 13,091,331
77,704,052,054 | 551,348,209 | 52,869,572 | 13,075,131
77,693,843,762 | 536,866,202 | 49,274,646 | 13,291,434
77,688,272,350 | 553,468,770 | 54,365,278 | 12,846,781
77,702,336,365 | 544,646,096 | 51,226,041 | 13,273,558
77,696,001,308 | 541,809,965 | 50,385,316 | 13,204,459
77,701,222,431 | 541,426,505 | 50,429,442 | 13,152,979
