Performance results for ./matrix/2.mtx | threads=8 | chunksize=1000
L1-dcache-loads | L1-dcache-load-misses | LLC-loads | LLC-load-misses
2,935,486,839 | 28,654,756 | 438,616 | 114,553
2,935,460,062 | 28,640,191 | 406,219 | 112,349
2,935,461,390 | 28,625,945 | 478,248 | 113,840
2,935,455,391 | 28,669,773 | 411,969 | 119,457
2,935,457,443 | 28,611,267 | 440,629 | 113,119
2,935,469,674 | 28,593,614 | 464,535 | 111,952
2,935,463,111 | 28,654,536 | 411,160 | 114,446
2,935,445,063 | 28,675,238 | 439,151 | 113,074
2,935,462,948 | 28,619,273 | 398,621 | 120,745
2,935,467,834 | 28,630,839 | 389,134 | 113,235
