Performance results for ./matrix/1.mtx | threads=2 | chunksize=1000
L1-dcache-loads | L1-dcache-load-misses | LLC-loads | LLC-load-misses
596,443,462 | 5,753,777 | 96,916 | 11,788
596,444,263 | 5,758,602 | 92,035 | 13,233
596,440,751 | 5,752,929 | 100,526 | 12,580
596,444,246 | 5,756,183 | 93,011 | 12,713
596,444,103 | 5,745,242 | 106,466 | 12,180
596,444,869 | 5,756,465 | 96,963 | 12,001
596,439,122 | 5,753,266 | 97,872 | 13,936
596,445,456 | 5,743,458 | 108,225 | 11,869
596,439,451 | 5,748,377 | 87,718 | 15,643
596,439,625 | 5,746,026 | 84,863 | 19,151
