Performance results for ./matrix/2.mtx | threads=64 | chunksize=1
L1-dcache-loads | L1-dcache-load-misses | LLC-loads | LLC-load-misses
2,964,592,327 | 36,522,472 | 1,067,453 | 159,209
2,970,252,997 | 36,481,240 | 1,034,316 | 161,444
2,968,718,830 | 36,555,202 | 1,006,903 | 165,140
2,970,177,163 | 36,319,337 | 1,066,024 | 160,943
2,967,376,712 | 36,538,602 | 1,178,940 | 156,730
2,968,755,277 | 36,505,018 | 1,045,738 | 163,695
2,967,190,084 | 36,594,267 | 1,154,983 | 158,715
2,975,977,556 | 36,552,776 | 1,091,812 | 161,812
2,965,636,137 | 36,486,585 | 1,220,147 | 160,537
2,943,585,985 | 36,539,056 | 1,083,549 | 163,417
