Performance results for ./matrix/4.mtx | threads=4 | chunksize=1
L1-dcache-loads | L1-dcache-load-misses | LLC-loads | LLC-load-misses
77,668,774,965 | 436,678,695 | 14,744,345 | 8,903,443
77,668,824,127 | 439,859,155 | 14,956,624 | 4,696,245
77,668,775,529 | 444,116,229 | 14,503,752 | 7,799,954
77,668,348,088 | 437,864,046 | 13,343,216 | 8,362,485
77,668,775,553 | 438,983,677 | 14,746,017 | 8,029,129
77,668,775,894 | 436,988,044 | 14,371,982 | 7,006,989
77,668,776,004 | 440,662,909 | 14,582,802 | 7,519,271
77,668,368,575 | 438,555,074 | 13,499,647 | 8,534,705
77,668,344,845 | 438,766,134 | 13,337,291 | 8,414,456
77,668,776,461 | 439,507,653 | 14,004,529 | 8,766,919
