Performance results for ./matrix/1.mtx | threads=64 | chunksize=1
L1-dcache-loads | L1-dcache-load-misses | LLC-loads | LLC-load-misses
611,919,806 | 6,084,533 | 475,213 | 66,072
613,786,504 | 6,097,752 | 487,589 | 57,391
626,916,145 | 6,091,126 | 469,556 | 59,046
623,722,600 | 6,094,809 | 490,095 | 57,416
613,186,467 | 6,093,647 | 487,862 | 54,895
613,767,420 | 6,091,978 | 459,161 | 56,024
602,086,989 | 6,086,943 | 503,408 | 57,385
624,709,613 | 6,115,326 | 472,512 | 57,265
599,018,647 | 6,104,285 | 468,307 | 58,956
623,114,850 | 6,085,731 | 464,542 | 56,891
