Performance results for ./matrix/1.mtx | threads=4 | chunksize=100
L1-dcache-loads | L1-dcache-load-misses | LLC-loads | LLC-load-misses
596,469,321 | 5,751,252 | 112,884 | 18,955
596,468,220 | 5,758,554 | 104,319 | 16,816
596,468,893 | 5,756,642 | 109,733 | 17,292
596,456,779 | 5,756,176 | 111,058 | 16,786
596,469,269 | 5,760,127 | 106,894 | 17,305
596,468,773 | 5,763,350 | 104,184 | 16,780
596,456,477 | 5,757,373 | 109,307 | 18,636
596,470,221 | 5,756,688 | 105,905 | 16,463
596,469,291 | 5,755,770 | 105,857 | 18,595
596,469,372 | 5,755,476 | 103,310 | 18,082
