Performance results for ./matrix/5.mtx | threads=2 | chunksize=1
L1-dcache-loads | L1-dcache-load-misses | LLC-loads | LLC-load-misses
135,771,206,994 | 602,479,671 | 49,330,217 | 40,535,552
135,771,204,010 | 633,109,160 | 50,499,874 | 38,500,499
135,771,212,935 | 601,816,600 | 49,042,049 | 40,361,656
135,771,203,989 | 632,097,198 | 45,489,155 | 35,263,854
135,771,204,017 | 628,496,027 | 72,981,086 | 62,503,009
135,771,203,970 | 612,056,218 | 64,799,897 | 53,304,910
135,771,203,955 | 630,042,249 | 55,311,262 | 43,763,459
135,771,203,905 | 600,523,640 | 62,021,644 | 53,300,811
135,771,203,981 | 612,180,101 | 47,782,340 | 38,837,208
135,771,203,985 | 606,995,174 | 46,585,833 | 37,882,836
