Performance results for ./matrix/1.mtx | threads=64 | chunksize=100
L1-dcache-loads | L1-dcache-load-misses | LLC-loads | LLC-load-misses
598,661,620 | 5,787,861 | 362,708 | 23,786
598,272,066 | 5,786,886 | 405,429 | 24,422
628,847,960 | 5,781,931 | 371,419 | 22,409
601,058,874 | 5,782,182 | 365,378 | 27,068
598,315,215 | 5,787,734 | 373,642 | 24,900
617,467,825 | 5,781,628 | 364,604 | 24,493
598,530,097 | 5,783,251 | 364,662 | 26,122
613,057,804 | 5,779,278 | 379,856 | 24,591
598,521,458 | 5,785,384 | 366,795 | 24,479
629,100,312 | 5,784,883 | 345,229 | 26,786
