Performance results for ./matrix/2.mtx | threads=8 | chunksize=1
L1-dcache-loads | L1-dcache-load-misses | LLC-loads | LLC-load-misses
2,935,747,541 | 28,945,201 | 488,668 | 185,094
2,935,748,561 | 28,960,688 | 445,938 | 183,409
2,935,755,568 | 28,917,467 | 515,009 | 179,843
2,935,750,936 | 28,884,344 | 579,640 | 182,401
2,935,753,630 | 28,937,447 | 564,146 | 180,960
2,935,746,665 | 28,899,503 | 541,547 | 185,348
2,935,746,324 | 28,901,384 | 548,721 | 183,677
2,935,746,216 | 28,894,737 | 505,856 | 187,156
2,935,750,931 | 28,936,330 | 572,703 | 184,209
2,935,750,677 | 28,901,006 | 507,819 | 190,510
