Performance results for ./matrix/2.mtx | threads=16 | chunksize=1000
L1-dcache-loads | L1-dcache-load-misses | LLC-loads | LLC-load-misses
2,935,616,924 | 28,670,029 | 495,525 | 122,723
2,937,040,320 | 35,866,184 | 518,380 | 82,474
2,937,027,577 | 36,133,042 | 589,374 | 77,013
2,937,017,409 | 36,073,019 | 582,002 | 77,681
2,937,034,591 | 36,114,082 | 803,846 | 77,210
2,937,063,594 | 36,165,579 | 619,520 | 80,805
2,935,607,702 | 28,613,512 | 569,702 | 112,910
2,937,027,834 | 36,113,528 | 693,303 | 74,658
2,937,044,072 | 36,053,979 | 619,704 | 82,234
2,937,065,665 | 36,060,818 | 671,367 | 76,025
