Performance results for ./matrix/1.mtx | threads=32 | chunksize=100
L1-dcache-loads | L1-dcache-load-misses | LLC-loads | LLC-load-misses
597,522,765 | 5,770,785 | 245,804 | 23,631
597,123,897 | 5,771,261 | 242,684 | 22,305
597,029,206 | 5,776,729 | 233,300 | 21,940
605,064,329 | 5,781,851 | 236,739 | 20,545
597,161,886 | 5,770,488 | 265,949 | 22,170
596,922,041 | 5,785,954 | 261,951 | 22,654
597,039,438 | 5,763,941 | 257,191 | 22,160
596,822,970 | 5,790,676 | 258,511 | 23,465
596,957,987 | 5,780,275 | 245,681 | 22,203
597,029,178 | 5,777,428 | 258,872 | 22,456
