Performance results for ./matrix/5.mtx | threads=16 | chunksize=1000
L1-dcache-loads | L1-dcache-load-misses | LLC-loads | LLC-load-misses
134,367,118,530 | 401,851,174 | 32,877,432 | 18,294,687
134,362,709,419 | 409,628,839 | 32,888,486 | 18,487,228
134,367,118,872 | 398,646,943 | 32,862,124 | 18,019,845
134,362,618,622 | 413,784,097 | 33,352,308 | 18,918,795
134,367,098,944 | 414,121,552 | 32,819,860 | 18,454,818
134,367,312,807 | 404,936,517 | 23,350,173 | 14,798,153
134,366,932,698 | 411,431,134 | 23,032,172 | 14,622,968
134,367,122,293 | 414,978,790 | 22,711,633 | 14,355,047
134,367,104,354 | 398,391,571 | 23,291,297 | 14,693,935
134,367,097,104 | 411,223,550 | 22,852,624 | 14,364,270
