Performance results for ./matrix/5.mtx | threads=64 | chunksize=100
L1-dcache-loads | L1-dcache-load-misses | LLC-loads | LLC-load-misses
134,403,944,966 | 450,032,610 | 56,838,191 | 26,188,424
134,409,719,291 | 448,781,337 | 56,353,179 | 25,674,411
134,392,878,826 | 451,655,840 | 56,911,783 | 26,292,729
134,395,575,005 | 455,763,766 | 57,782,735 | 26,668,098
134,404,277,884 | 424,259,351 | 31,166,289 | 20,006,617
134,407,409,410 | 427,864,702 | 31,456,980 | 20,345,758
134,407,016,440 | 424,594,967 | 31,388,976 | 20,124,404
134,404,896,923 | 427,230,666 | 31,355,829 | 20,179,562
134,396,055,369 | 424,291,678 | 31,290,987 | 19,994,852
134,406,109,996 | 425,269,069 | 31,303,241 | 20,142,483
