Performance results for ./matrix/4.mtx | threads=32 | chunksize=1
L1-dcache-loads | L1-dcache-load-misses | LLC-loads | LLC-load-misses
77,677,408,555 | 610,932,002 | 104,755,034 | 26,498,863
77,677,417,949 | 611,761,698 | 102,912,122 | 26,577,919
77,677,483,036 | 611,550,691 | 103,700,580 | 26,783,631
77,677,393,865 | 516,747,300 | 43,247,272 | 12,849,468
77,677,492,027 | 518,207,156 | 43,251,687 | 12,890,881
77,677,403,488 | 524,217,398 | 46,819,715 | 15,652,464
77,677,412,949 | 524,745,549 | 46,915,494 | 15,313,886
77,677,460,885 | 525,079,112 | 47,024,046 | 15,667,877
77,677,368,801 | 522,915,156 | 46,966,376 | 15,458,591
77,677,413,451 | 523,950,451 | 46,920,748 | 15,481,606
