Performance results for ./matrix/1.mtx | threads=8 | chunksize=100
L1-dcache-loads | L1-dcache-load-misses | LLC-loads | LLC-load-misses
596,517,975 | 5,762,587 | 138,344 | 17,301
596,493,880 | 5,770,772 | 126,506 | 23,891
596,523,557 | 5,754,644 | 137,834 | 20,795
596,521,353 | 5,758,507 | 157,803 | 20,480
596,514,996 | 5,765,894 | 130,083 | 16,893
596,522,844 | 5,748,737 | 136,476 | 20,623
596,514,017 | 5,756,991 | 154,415 | 17,014
596,514,417 | 5,753,611 | 166,669 | 17,905
596,513,632 | 5,761,385 | 132,491 | 16,794
596,520,219 | 5,751,805 | 131,862 | 20,294
