Performance results for ./matrix/1.mtx | threads=1 | chunksize=1000
L1-dcache-loads | L1-dcache-load-misses | LLC-loads | LLC-load-misses
596,429,637 | 5,743,922 | 73,504 | 9,302
596,429,638 | 5,739,955 | 78,167 | 8,039
596,429,637 | 5,748,309 | 71,883 | 12,672
596,429,636 | 5,743,508 | 75,001 | 10,187
596,429,637 | 5,733,376 | 73,303 | 9,688
596,429,631 | 5,747,168 | 82,824 | 13,659
596,429,638 | 5,748,464 | 74,897 | 11,011
596,429,643 | 5,753,808 | 71,952 | 13,190
596,429,631 | 5,755,060 | 71,675 | 12,224
596,429,630 | 5,745,179 | 80,871 | 11,532
