Performance results for ./matrix/5.mtx | threads=16 | chunksize=100
L1-dcache-loads | L1-dcache-load-misses | LLC-loads | LLC-load-misses
134,375,509,150 | 446,645,940 | 50,672,986 | 25,852,221
134,379,863,959 | 449,638,086 | 54,389,672 | 27,382,894
134,375,332,165 | 450,785,104 | 52,896,892 | 25,765,674
134,379,876,140 | 440,047,041 | 51,230,709 | 25,473,673
134,379,855,367 | 437,790,456 | 49,880,017 | 23,183,837
134,379,858,998 | 438,563,359 | 49,329,007 | 25,122,676
134,379,823,585 | 423,809,487 | 28,714,045 | 19,515,751
134,379,842,775 | 441,953,465 | 51,160,145 | 24,685,061
134,375,362,244 | 454,530,315 | 50,600,320 | 26,165,378
134,379,838,274 | 443,885,164 | 49,080,098 | 23,674,746
