Performance results for ./matrix/2.mtx | threads=8 | chunksize=100
L1-dcache-loads | L1-dcache-load-misses | LLC-loads | LLC-load-misses
2,935,421,934 | 28,680,961 | 432,638 | 118,302
2,935,420,155 | 28,625,373 | 389,470 | 115,515
2,935,450,010 | 28,655,065 | 489,154 | 112,956
2,935,458,472 | 28,618,617 | 452,942 | 111,673
2,935,457,587 | 28,641,897 | 403,782 | 111,513
2,935,429,575 | 28,657,724 | 417,588 | 117,149
2,935,452,107 | 28,625,837 | 475,051 | 113,118
2,935,459,421 | 28,674,185 | 425,986 | 117,067
2,935,423,769 | 28,699,265 | 408,247 | 120,882
2,935,424,111 | 28,625,756 | 556,519 | 112,487
