Performance results for ./matrix/1.mtx | threads=2 | chunksize=1
L1-dcache-loads | L1-dcache-load-misses | LLC-loads | LLC-load-misses
596,773,103 | 5,940,356 | 92,845 | 15,021
596,772,949 | 5,927,877 | 102,925 | 17,255
596,772,710 | 5,947,611 | 99,675 | 17,205
596,772,925 | 5,929,989 | 91,888 | 15,050
596,773,115 | 5,943,439 | 92,899 | 15,096
596,773,035 | 5,933,403 | 97,202 | 14,989
596,772,951 | 5,936,882 | 94,728 | 16,026
596,772,902 | 5,932,913 | 85,577 | 15,261
596,773,072 | 5,927,400 | 107,132 | 16,210
596,772,800 | 5,927,399 | 147,324 | 19,996
