Performance results for ./matrix/5.mtx | threads=1 | chunksize=100
L1-dcache-loads | L1-dcache-load-misses | LLC-loads | LLC-load-misses
134,370,786,535 | 406,058,506 | 21,399,005 | 13,348,777
134,370,786,527 | 409,011,749 | 21,610,454 | 13,755,806
134,370,786,530 | 408,277,645 | 21,275,591 | 13,369,754
134,370,786,534 | 405,320,011 | 22,049,619 | 13,339,853
134,370,786,540 | 407,156,211 | 21,325,634 | 13,317,220
134,370,786,544 | 406,665,662 | 21,702,240 | 13,338,410
134,370,786,531 | 404,982,789 | 21,448,322 | 13,327,075
134,370,786,529 | 409,156,963 | 21,296,979 | 13,312,533
134,370,786,534 | 409,203,563 | 21,518,719 | 13,792,114
134,370,786,526 | 404,746,593 | 21,509,898 | 13,315,239
