Performance results for ./matrix/5.mtx | threads=4 | chunksize=100
L1-dcache-loads | L1-dcache-load-misses | LLC-loads | LLC-load-misses
134,372,592,063 | 421,139,937 | 25,924,577 | 16,787,120
134,372,592,144 | 421,335,925 | 26,138,631 | 17,321,123
134,372,591,974 | 423,337,048 | 25,874,142 | 17,022,267
134,371,701,910 | 422,261,533 | 26,007,752 | 16,180,765
134,372,592,035 | 422,298,970 | 25,715,131 | 16,238,447
134,371,691,147 | 422,382,265 | 26,169,801 | 16,345,300
134,371,687,645 | 431,435,752 | 26,330,406 | 16,187,090
134,372,592,106 | 420,991,285 | 26,101,615 | 17,190,804
134,372,592,074 | 421,536,098 | 25,916,458 | 16,214,930
134,372,121,455 | 422,884,668 | 25,976,427 | 17,207,271
