Performance results for ./matrix/5.mtx | threads=1 | chunksize=1
L1-dcache-loads | L1-dcache-load-misses | LLC-loads | LLC-load-misses
135,770,899,985 | 406,797,800 | 22,124,680 | 13,782,825
135,770,899,989 | 407,363,137 | 21,808,579 | 13,712,535
135,770,900,000 | 406,967,017 | 22,453,197 | 14,162,880
135,770,899,973 | 408,218,988 | 22,271,810 | 13,937,403
135,770,899,984 | 406,570,051 | 21,990,570 | 13,793,255
135,770,899,988 | 405,343,806 | 22,037,472 | 13,764,187
135,770,899,991 | 404,792,530 | 22,090,400 | 13,751,130
135,770,899,992 | 405,623,845 | 21,871,381 | 13,751,121
135,770,899,989 | 405,666,714 | 22,181,763 | 13,769,208
135,770,899,985 | 408,903,795 | 21,298,577 | 13,433,148
