Performance results for ./matrix/1.mtx | threads=16 | chunksize=1
L1-dcache-loads | L1-dcache-load-misses | LLC-loads | LLC-load-misses
596,993,083 | 6,041,624 | 266,478 | 54,810
596,913,695 | 6,038,116 | 271,658 | 53,570
597,034,336 | 6,038,453 | 248,995 | 48,420
596,971,970 | 6,040,091 | 288,302 | 55,375
596,971,896 | 6,038,553 | 264,293 | 56,444
596,980,202 | 6,044,977 | 275,231 | 55,089
596,980,838 | 6,042,042 | 294,869 | 55,948
596,963,471 | 6,041,176 | 300,040 | 50,454
596,980,307 | 6,039,007 | 255,158 | 54,022
596,962,003 | 6,052,444 | 278,256 | 53,952
