Performance results for ./matrix/5.mtx | threads=1 | chunksize=1000
L1-dcache-loads | L1-dcache-load-misses | LLC-loads | LLC-load-misses
134,358,058,220 | 407,413,376 | 21,359,748 | 13,397,510
134,358,058,231 | 406,598,574 | 21,679,287 | 13,371,319
134,358,058,234 | 408,187,958 | 21,200,972 | 13,271,725
134,358,058,220 | 406,884,594 | 20,915,492 | 13,251,264
134,358,058,223 | 407,657,458 | 21,255,582 | 13,323,819
134,358,058,226 | 410,063,159 | 21,380,099 | 13,356,399
134,358,058,223 | 408,898,633 | 21,138,564 | 13,261,722
134,358,058,232 | 409,847,733 | 21,759,613 | 13,786,273
134,358,058,229 | 407,199,647 | 21,331,546 | 13,418,325
134,358,058,222 | 408,364,950 | 21,255,406 | 13,328,975
