Performance results for ./matrix/5.mtx | threads=4 | chunksize=1
L1-dcache-loads | L1-dcache-load-misses | LLC-loads | LLC-load-misses
135,771,808,670 | 855,804,583 | 121,795,861 | 91,326,886
135,771,806,875 | 856,001,392 | 121,505,242 | 90,560,940
135,771,816,726 | 853,918,031 | 126,143,491 | 95,279,657
135,771,806,812 | 854,907,331 | 124,605,553 | 92,446,750
135,771,806,875 | 859,650,004 | 121,565,184 | 91,191,235
135,771,806,773 | 853,470,763 | 124,425,010 | 93,499,220
135,771,807,286 | 855,672,874 | 124,163,707 | 93,118,437
135,771,811,884 | 857,921,864 | 122,187,242 | 89,102,862
135,771,806,876 | 857,025,970 | 121,218,837 | 91,385,160
135,771,806,996 | 850,590,193 | 124,183,119 | 94,918,185
