Performance results for ./matrix/2.mtx | threads=2 | chunksize=1
L1-dcache-loads | L1-dcache-load-misses | LLC-loads | LLC-load-misses
2,935,672,957 | 28,901,673 | 418,994 | 136,275
2,935,672,550 | 28,871,134 | 493,429 | 135,583
2,935,677,644 | 28,914,310 | 410,534 | 127,996
2,935,677,701 | 28,844,086 | 390,093 | 133,122
2,935,673,072 | 28,865,328 | 412,142 | 129,432
2,935,774,029 | 36,370,498 | 573,802 | 94,338
2,935,774,582 | 36,270,847 | 569,187 | 95,713
2,935,774,090 | 36,383,130 | 718,124 | 90,179
2,935,775,126 | 36,298,183 | 589,360 | 94,596
2,935,672,404 | 28,874,820 | 434,580 | 135,567
