Performance results for ./matrix/1.mtx | threads=1 | chunksize=100
L1-dcache-loads | L1-dcache-load-misses | LLC-loads | LLC-load-misses
596,432,607 | 5,742,055 | 69,673 | 9,535
596,432,606 | 5,741,284 | 68,822 | 7,906
596,432,599 | 5,748,971 | 92,537 | 8,918
596,432,607 | 5,743,686 | 80,172 | 6,820
596,432,605 | 5,766,430 | 81,124 | 7,691
596,432,606 | 5,742,210 | 85,954 | 7,449
596,432,607 | 5,747,639 | 80,835 | 6,993
596,432,599 | 5,749,760 | 81,440 | 8,101
596,432,604 | 5,749,858 | 85,376 | 7,394
596,432,602 | 5,764,269 | 67,775 | 6,811
