Performance results for ./matrix/4.mtx | threads=32 | chunksize=100
L1-dcache-loads | L1-dcache-load-misses | LLC-loads | LLC-load-misses
77,586,637,462 | 348,907,990 | 3,576,793 | 1,807,997
77,586,647,442 | 348,675,254 | 3,515,674 | 1,821,987
77,586,559,470 | 347,413,525 | 3,500,701 | 1,810,159
77,586,628,670 | 350,042,695 | 3,495,742 | 1,800,052
77,586,581,482 | 348,230,863 | 3,645,401 | 1,994,215
77,586,545,912 | 348,107,576 | 3,457,964 | 1,794,672
77,586,615,471 | 349,915,299 | 3,415,645 | 1,819,377
77,586,552,612 | 351,652,629 | 3,411,147 | 1,811,543
77,586,647,909 | 348,109,280 | 3,533,248 | 1,818,169
77,586,715,823 | 348,858,297 | 3,637,816 | 1,829,145
