Performance results for ./matrix/4.mtx | threads=2 | chunksize=1
L1-dcache-loads | L1-dcache-load-misses | LLC-loads | LLC-load-misses
77,668,172,060 | 402,992,288 | 6,488,676 | 3,383,021
77,668,171,810 | 405,166,515 | 6,455,640 | 3,171,637
77,668,171,561 | 398,552,963 | 6,206,580 | 4,916,879
77,668,171,482 | 406,316,584 | 6,824,066 | 2,675,742
77,668,171,801 | 403,412,540 | 6,634,439 | 3,736,486
77,668,171,824 | 399,185,667 | 6,135,023 | 4,759,480
77,668,171,838 | 401,086,745 | 6,135,031 | 4,774,460
77,668,171,793 | 400,210,244 | 6,671,936 | 2,719,519
77,668,172,147 | 402,306,610 | 6,721,204 | 2,972,606
77,668,171,635 | 402,477,051 | 6,499,818 | 3,301,471
