Performance results for ./matrix/1.mtx | threads=8 | chunksize=1000
L1-dcache-loads | L1-dcache-load-misses | LLC-loads | LLC-load-misses
596,525,134 | 5,753,033 | 144,623 | 15,195
596,525,074 | 5,780,595 | 136,459 | 17,267
596,522,225 | 5,745,314 | 130,179 | 20,126
596,525,524 | 5,762,824 | 129,017 | 16,234
596,517,186 | 5,751,708 | 164,975 | 16,648
596,517,619 | 5,746,341 | 135,485 | 15,891
596,515,004 | 5,756,814 | 126,185 | 17,566
596,532,317 | 5,759,369 | 148,679 | 16,343
596,535,048 | 5,745,688 | 131,099 | 20,264
596,514,546 | 5,759,801 | 126,673 | 16,479
