Performance results for ./matrix/5.mtx | threads=2 | chunksize=1000
L1-dcache-loads | L1-dcache-load-misses | LLC-loads | LLC-load-misses
134,358,361,451 | 410,457,145 | 21,752,778 | 13,502,406
134,358,361,547 | 410,425,303 | 21,997,063 | 13,742,848
134,358,361,776 | 412,735,635 | 21,732,041 | 13,714,285
134,358,313,664 | 406,966,552 | 22,067,052 | 13,461,195
134,358,361,549 | 409,051,565 | 21,981,917 | 13,914,388
134,358,361,557 | 408,607,452 | 21,728,376 | 13,483,779
134,358,361,592 | 406,471,030 | 21,879,730 | 13,429,478
134,358,361,466 | 407,445,990 | 21,910,679 | 13,731,446
134,358,316,129 | 407,838,692 | 22,208,795 | 14,035,758
134,358,364,449 | 405,885,908 | 21,737,363 | 13,470,349
