Performance results for ./matrix/1.mtx | threads=64 | chunksize=1000
L1-dcache-loads | L1-dcache-load-misses | LLC-loads | LLC-load-misses
599,073,348 | 5,772,690 | 238,550 | 21,964
607,504,269 | 5,792,137 | 233,563 | 23,005
628,879,967 | 5,777,422 | 218,961 | 21,878
602,601,023 | 5,764,177 | 232,403 | 22,048
628,007,904 | 5,781,774 | 227,676 | 23,040
628,540,413 | 5,776,327 | 258,665 | 20,661
630,297,377 | 5,775,216 | 256,313 | 21,842
623,005,671 | 5,768,217 | 216,218 | 21,755
598,808,859 | 5,786,648 | 256,976 | 22,381
623,676,085 | 5,778,629 | 243,284 | 21,355
