Performance results for ./matrix/4.mtx | threads=4 | chunksize=100
L1-dcache-loads | L1-dcache-load-misses | LLC-loads | LLC-load-misses
77,577,890,327 | 346,569,981 | 3,407,164 | 1,645,800
77,577,888,224 | 347,586,490 | 3,222,181 | 1,782,956
77,577,888,335 | 346,612,465 | 2,752,553 | 1,372,318
77,577,892,023 | 345,933,072 | 2,795,698 | 1,517,453
77,577,890,629 | 347,245,889 | 3,228,800 | 1,751,835
77,577,479,642 | 343,278,968 | 3,039,413 | 1,423,959
77,577,441,558 | 344,471,797 | 2,498,105 | 1,300,516
77,577,891,845 | 349,171,605 | 2,905,045 | 1,587,227
77,577,484,263 | 344,176,462 | 2,492,285 | 1,432,582
77,577,463,768 | 343,030,580 | 2,504,660 | 1,429,024
