Performance results for ./matrix/2.mtx | threads=2 | chunksize=1000
L1-dcache-loads | L1-dcache-load-misses | LLC-loads | LLC-load-misses
2,935,353,274 | 28,601,732 | 446,102 | 114,620
2,935,350,301 | 28,664,033 | 424,863 | 114,172
2,935,355,945 | 28,642,407 | 351,731 | 114,696
2,935,353,542 | 28,594,301 | 350,382 | 109,337
2,935,451,530 | 36,112,893 | 542,463 | 70,188
2,935,455,398 | 36,108,014 | 604,506 | 73,928
2,935,455,135 | 36,044,224 | 503,833 | 71,375
2,935,451,311 | 36,045,268 | 603,712 | 75,215
2,935,452,649 | 36,082,230 | 530,950 | 70,821
2,935,450,540 | 36,106,633 | 490,315 | 72,318
