Performance results for ./matrix/5.mtx | threads=16 | chunksize=1
L1-dcache-loads | L1-dcache-load-misses | LLC-loads | LLC-load-misses
135,775,668,304 | 1,102,697,246 | 265,527,467 | 90,905,340
135,775,448,302 | 1,099,107,578 | 269,834,177 | 91,621,455
135,775,505,982 | 1,087,587,717 | 267,323,543 | 91,319,803
135,775,475,565 | 1,097,624,795 | 268,389,422 | 92,161,304
135,775,461,080 | 1,100,449,238 | 269,126,261 | 92,509,532
135,775,527,262 | 1,091,856,671 | 268,672,772 | 92,284,290
135,775,548,992 | 1,090,028,931 | 264,227,104 | 89,819,070
135,775,449,968 | 1,091,024,430 | 265,286,999 | 91,008,918
135,775,464,100 | 1,086,327,018 | 267,711,469 | 87,853,518
135,775,544,739 | 1,086,219,762 | 259,802,439 | 88,754,919
