Performance results for ./matrix/3.mtx | threads=2 | chunksize=1
L1-dcache-loads | L1-dcache-load-misses | LLC-loads | LLC-load-misses
56,163,496,872 | 1,041,606,679 | 473,637,415 | 27,930,252
56,163,496,716 | 1,041,152,561 | 473,509,739 | 27,164,742
56,163,496,967 | 1,040,724,827 | 473,581,807 | 26,907,547
56,163,496,954 | 1,040,959,018 | 473,439,159 | 27,963,027
56,163,496,820 | 1,039,699,111 | 473,568,814 | 27,503,300
56,163,496,698 | 1,041,414,349 | 474,569,081 | 31,855,222
56,163,496,765 | 1,038,684,808 | 474,666,522 | 27,628,724
56,163,496,828 | 1,040,082,566 | 473,871,558 | 27,114,084
56,163,496,815 | 1,039,773,939 | 473,577,890 | 27,453,502
56,163,496,816 | 1,042,674,318 | 473,354,171 | 26,836,465
