Performance results for ./matrix/4.mtx | threads=1 | chunksize=1000
L1-dcache-loads | L1-dcache-load-misses | LLC-loads | LLC-load-misses
77,576,158,185 | 341,731,452 | 1,909,035 | 768,204
77,576,158,202 | 341,360,292 | 1,444,647 | 772,195
77,576,158,186 | 341,511,849 | 1,924,882 | 783,131
77,576,158,190 | 340,934,249 | 1,480,288 | 817,846
77,576,158,194 | 344,102,696 | 1,455,526 | 827,561
77,576,158,184 | 340,073,188 | 1,432,640 | 774,209
77,576,158,195 | 340,662,207 | 1,475,460 | 773,475
77,576,158,195 | 345,269,148 | 1,641,457 | 863,181
77,576,158,194 | 345,877,842 | 1,757,801 | 927,629
77,576,158,185 | 346,529,166 | 1,856,048 | 960,624
