Performance results for ./matrix/1.mtx | threads=32 | chunksize=1000
L1-dcache-loads | L1-dcache-load-misses | LLC-loads | LLC-load-misses
597,083,456 | 5,755,943 | 244,242 | 23,061
597,118,267 | 5,753,429 | 226,732 | 22,201
597,073,921 | 5,767,419 | 254,154 | 24,218
597,121,160 | 5,769,001 | 233,326 | 21,829
597,075,682 | 5,770,907 | 212,220 | 20,250
597,017,329 | 5,758,448 | 214,814 | 20,495
597,014,832 | 5,765,407 | 221,490 | 22,202
597,097,970 | 5,752,600 | 233,871 | 21,808
597,088,078 | 5,760,001 | 239,432 | 25,160
597,148,247 | 5,761,693 | 248,745 | 24,509
