Performance results for ./matrix/2.mtx | threads=4 | chunksize=1
L1-dcache-loads | L1-dcache-load-misses | LLC-loads | LLC-load-misses
2,936,004,295 | 36,364,287 | 631,847 | 141,417
2,936,001,259 | 36,458,303 | 625,051 | 138,331
2,935,999,403 | 36,373,860 | 584,981 | 140,753
2,935,994,520 | 36,392,435 | 691,954 | 142,620
2,935,999,833 | 36,367,298 | 663,248 | 140,355
2,935,698,233 | 28,909,343 | 427,061 | 172,004
2,935,696,466 | 28,929,541 | 444,221 | 175,254
2,935,710,111 | 28,976,867 | 476,076 | 164,025
2,935,711,846 | 28,906,822 | 459,572 | 167,596
2,935,712,630 | 28,948,658 | 501,729 | 170,173
