Performance results for ./matrix/3.mtx | threads=1 | chunksize=1
L1-dcache-loads | L1-dcache-load-misses | LLC-loads | LLC-load-misses
56,163,193,399 | 975,629,684 | 463,225,841 | 25,614,380
56,163,193,407 | 979,711,604 | 463,711,242 | 26,370,156
56,163,193,399 | 974,130,708 | 463,190,307 | 30,305,173
56,163,193,404 | 988,278,621 | 463,638,016 | 25,801,490
56,163,193,396 | 984,419,070 | 463,758,301 | 26,617,040
56,163,193,402 | 986,142,303 | 463,747,614 | 24,654,094
56,163,193,416 | 977,854,453 | 463,617,040 | 27,214,325
56,163,193,403 | 979,724,550 | 463,509,124 | 24,680,645
56,163,193,401 | 989,316,719 | 463,608,380 | 25,191,958
56,163,193,404 | 980,059,682 | 463,561,031 | 28,274,468
