Performance results for ./matrix/1.mtx | threads=4 | chunksize=1
L1-dcache-loads | L1-dcache-load-misses | LLC-loads | LLC-load-misses
596,796,659 | 5,994,831 | 139,317 | 28,617
596,797,103 | 6,031,258 | 130,721 | 27,990
596,796,455 | 5,996,175 | 133,389 | 27,093
596,796,035 | 5,996,263 | 138,197 | 28,798
596,796,233 | 5,994,002 | 134,587 | 27,900
596,782,998 | 6,002,566 | 151,452 | 27,367
596,797,219 | 6,001,872 | 136,642 | 27,114
596,795,539 | 5,998,030 | 129,870 | 27,746
596,795,881 | 5,992,931 | 150,868 | 29,386
596,783,004 | 5,998,360 | 139,468 | 28,342
