Performance results for ./matrix/1.mtx | threads=16 | chunksize=1000
L1-dcache-loads | L1-dcache-load-misses | LLC-loads | LLC-load-misses
596,661,729 | 5,755,369 | 180,317 | 18,488
596,608,221 | 5,752,131 | 188,168 | 20,854
596,661,846 | 5,759,042 | 172,717 | 23,363
596,677,037 | 5,761,296 | 174,717 | 21,894
596,713,340 | 5,775,332 | 144,100 | 16,872
596,675,306 | 5,758,778 | 178,367 | 23,076
596,651,162 | 5,758,343 | 159,743 | 22,597
596,678,955 | 5,766,466 | 186,532 | 23,038
596,653,335 | 5,755,811 | 169,209 | 21,809
596,637,505 | 5,757,027 | 175,632 | 16,836
