Performance results for ./matrix/4.mtx | threads=64 | chunksize=100
L1-dcache-loads | L1-dcache-load-misses | LLC-loads | LLC-load-misses
77,599,279,769 | 345,890,734 | 3,111,806 | 1,758,910
77,610,344,257 | 349,440,980 | 3,557,296 | 1,869,278
77,598,972,357 | 345,461,515 | 3,599,368 | 1,774,829
77,599,176,645 | 345,002,320 | 2,994,227 | 1,739,754
77,620,736,681 | 345,329,254 | 3,157,238 | 1,791,847
77,610,831,447 | 345,717,708 | 3,172,801 | 1,757,125
77,623,984,804 | 346,288,218 | 3,538,796 | 1,777,111
77,598,809,537 | 346,188,860 | 3,118,784 | 1,792,551
77,612,347,790 | 347,050,070 | 3,204,579 | 1,791,465
77,613,726,888 | 346,192,846 | 3,193,235 | 1,835,319
