Performance results for ./matrix/5.mtx | threads=4 | chunksize=1000
L1-dcache-loads | L1-dcache-load-misses | LLC-loads | LLC-load-misses
134,359,863,796 | 408,192,404 | 22,542,633 | 14,127,075
134,359,863,785 | 408,958,114 | 22,330,198 | 14,036,994
134,359,859,097 | 408,530,077 | 22,300,557 | 13,878,127
134,359,863,485 | 408,825,447 | 22,040,044 | 14,050,608
134,359,864,378 | 409,479,457 | 22,521,077 | 14,099,579
134,359,863,569 | 407,063,356 | 22,273,991 | 14,111,252
134,359,863,200 | 410,097,635 | 22,551,352 | 14,288,496
134,359,877,890 | 406,677,480 | 22,524,159 | 13,897,026
134,359,863,476 | 407,097,549 | 22,332,176 | 14,080,191
134,359,872,856 | 408,439,177 | 22,311,173 | 13,959,583
