Performance results for ./matrix/2.mtx | threads=1 | chunksize=1000
L1-dcache-loads | L1-dcache-load-misses | LLC-loads | LLC-load-misses
2,935,328,355 | 28,658,961 | 368,304 | 104,963
2,935,328,353 | 28,650,743 | 444,414 | 103,305
2,935,328,361 | 28,679,351 | 381,498 | 103,083
2,935,328,354 | 28,587,814 | 371,877 | 104,719
2,935,328,354 | 28,600,184 | 391,275 | 108,958
2,935,328,361 | 28,681,428 | 432,706 | 108,973
2,935,328,353 | 28,638,045 | 396,427 | 104,373
2,935,328,362 | 28,620,796 | 557,136 | 102,240
2,935,328,355 | 36,062,264 | 465,218 | 64,433
2,935,328,362 | 36,122,803 | 626,273 | 68,387
