Performance results for ./matrix/1.mtx | threads=4 | chunksize=1000
L1-dcache-loads | L1-dcache-load-misses | LLC-loads | LLC-load-misses
596,456,620 | 5,753,929 | 122,190 | 20,523
596,471,710 | 5,758,715 | 97,760 | 17,322
596,469,166 | 5,753,816 | 115,915 | 18,584
596,468,049 | 5,747,507 | 101,879 | 17,437
596,471,250 | 5,739,627 | 109,570 | 16,762
596,469,135 | 5,749,269 | 94,591 | 18,020
596,471,045 | 5,758,457 | 103,007 | 18,125
596,472,927 | 5,748,683 | 115,883 | 18,762
596,475,128 | 5,743,645 | 99,504 | 15,919
596,466,331 | 5,742,303 | 98,839 | 17,710
