Performance results for ./matrix/2.mtx | threads=1 | chunksize=100
L1-dcache-loads | L1-dcache-load-misses | LLC-loads | LLC-load-misses
2,935,331,329 | 28,645,904 | 401,834 | 102,089
2,935,331,323 | 28,658,756 | 418,877 | 103,295
2,935,331,322 | 36,097,161 | 525,638 | 64,224
2,935,331,328 | 28,667,777 | 398,121 | 104,420
2,935,331,331 | 28,621,000 | 324,227 | 102,397
2,935,331,332 | 28,603,074 | 374,936 | 103,037
2,935,331,326 | 28,695,180 | 389,753 | 105,131
2,935,331,330 | 28,633,092 | 315,319 | 103,549
2,935,331,323 | 28,602,750 | 382,021 | 110,680
2,935,331,332 | 28,683,858 | 350,305 | 104,401
