Performance results for ./matrix/5.mtx | threads=8 | chunksize=1
L1-dcache-loads | L1-dcache-load-misses | LLC-loads | LLC-load-misses
135,773,014,053 | 936,133,363 | 140,600,151 | 79,189,618
135,773,014,006 | 936,244,815 | 169,673,704 | 74,779,998
135,773,010,232 | 948,304,768 | 172,845,709 | 82,938,623
135,773,009,215 | 907,726,601 | 164,188,228 | 66,993,329
135,773,004,331 | 939,664,583 | 174,136,745 | 79,910,525
135,773,012,432 | 927,809,958 | 170,837,823 | 83,570,487
135,773,013,273 | 942,443,943 | 174,286,996 | 81,742,320
135,773,007,563 | 941,613,180 | 173,796,806 | 83,601,220
135,773,013,886 | 940,834,029 | 172,799,314 | 75,936,769
135,773,074,328 | 948,172,171 | 175,933,896 | 77,280,711
