Performance results for ./matrix/3.mtx | threads=4 | chunksize=100
L1-dcache-loads | L1-dcache-load-misses | LLC-loads | LLC-load-misses
56,141,261,665 | 1,042,408,037 | 473,184,363 | 31,189,727
56,141,261,683 | 1,037,030,024 | 473,251,059 | 31,099,227
56,141,261,420 | 1,038,292,060 | 473,396,622 | 31,206,869
56,141,261,400 | 1,035,804,830 | 473,202,641 | 31,288,653
56,141,262,752 | 1,038,619,699 | 473,265,675 | 26,602,218
56,141,261,579 | 1,034,634,979 | 473,167,186 | 26,862,768
56,141,261,286 | 1,038,417,593 | 473,316,843 | 27,890,037
56,141,269,777 | 1,036,118,076 | 473,244,648 | 27,441,605
56,141,260,958 | 1,040,871,562 | 473,184,303 | 27,380,960
56,141,261,872 | 1,035,590,971 | 473,247,253 | 26,744,106
