Performance results for ./matrix/3.mtx | threads=1 | chunksize=100
L1-dcache-loads | L1-dcache-load-misses | LLC-loads | LLC-load-misses
56,140,355,436 | 976,458,834 | 463,288,945 | 24,702,758
56,140,355,429 | 988,380,005 | 463,509,594 | 30,254,419
56,140,355,423 | 976,397,229 | 463,064,423 | 25,531,226
56,140,355,421 | 975,217,485 | 463,067,089 | 26,283,140
56,140,355,435 | 973,329,714 | 463,043,666 | 25,125,573
56,140,355,426 | 977,913,086 | 463,301,902 | 24,501,254
56,140,355,434 | 986,069,856 | 463,454,093 | 24,821,491
56,140,355,429 | 981,109,050 | 463,351,116 | 26,898,085
56,140,355,437 | 988,246,365 | 463,605,875 | 25,663,207
56,140,355,422 | 988,346,784 | 463,488,687 | 28,010,794
