Performance results for ./matrix/3.mtx | threads=16 | chunksize=100
L1-dcache-loads | L1-dcache-load-misses | LLC-loads | LLC-load-misses
56,144,918,988 | 1,039,583,160 | 474,054,899 | 28,637,373
56,144,923,817 | 1,037,389,145 | 473,908,640 | 27,952,489
56,144,963,107 | 1,036,998,515 | 473,471,228 | 27,228,585
56,144,939,711 | 1,038,706,825 | 474,169,702 | 30,965,673
56,144,934,188 | 1,038,492,479 | 473,501,711 | 27,094,472
56,144,966,627 | 1,039,113,632 | 473,420,609 | 27,764,359
56,144,976,846 | 1,040,722,124 | 473,982,586 | 28,010,290
56,144,955,249 | 1,039,995,639 | 473,063,666 | 27,387,943
56,144,951,831 | 1,038,134,213 | 473,599,515 | 27,101,866
56,144,920,951 | 1,038,674,298 | 474,033,428 | 26,494,086
