Performance results for ./matrix/3.mtx | threads=32 | chunksize=100
L1-dcache-loads | L1-dcache-load-misses | LLC-loads | LLC-load-misses
56,150,212,470 | 1,037,105,328 | 473,877,625 | 30,619,878
56,149,975,550 | 1,038,578,522 | 473,857,135 | 27,508,821
56,150,054,505 | 1,040,012,283 | 474,193,736 | 27,282,471
56,150,059,362 | 1,039,081,309 | 473,720,601 | 27,122,323
56,150,602,482 | 1,039,345,316 | 473,499,902 | 26,863,777
56,150,376,432 | 1,039,789,472 | 473,567,576 | 30,450,042
56,150,401,727 | 1,039,466,228 | 473,908,962 | 30,107,479
56,150,096,402 | 1,038,767,819 | 473,889,100 | 27,378,406
56,150,044,996 | 1,036,933,628 | 473,348,379 | 26,889,553
56,150,112,057 | 1,037,573,855 | 473,743,896 | 27,184,329
