Performance results for ./matrix/5.mtx | threads=64 | chunksize=1
L1-dcache-loads | L1-dcache-load-misses | LLC-loads | LLC-load-misses
135,791,011,529 | 1,346,105,253 | 552,786,064 | 117,253,347
135,817,030,231 | 1,336,772,098 | 550,457,955 | 117,749,718
135,798,189,349 | 1,334,569,175 | 542,576,850 | 114,361,966
135,791,079,838 | 1,347,859,456 | 551,642,768 | 117,273,829
135,791,116,849 | 1,218,674,783 | 454,081,980 | 81,937,034
135,820,005,822 | 1,355,272,154 | 545,992,509 | 116,294,871
135,795,528,251 | 1,335,955,972 | 552,800,319 | 115,545,060
135,806,542,115 | 1,355,068,369 | 570,870,080 | 120,853,691
135,806,815,841 | 1,347,278,844 | 566,245,129 | 119,329,856
135,802,506,903 | 1,357,065,823 | 568,457,316 | 120,842,828
