Performance results for ./matrix/2.mtx | threads=2 | chunksize=100
L1-dcache-loads | L1-dcache-load-misses | LLC-loads | LLC-load-misses
2,935,350,638 | 28,688,831 | 351,085 | 109,622
2,935,346,117 | 28,630,421 | 335,075 | 116,832
2,935,350,979 | 28,694,565 | 364,139 | 110,268
2,935,345,938 | 28,666,223 | 458,029 | 112,391
2,935,345,993 | 28,665,498 | 362,898 | 116,698
2,935,346,028 | 28,607,587 | 386,975 | 115,134
2,935,346,681 | 28,642,366 | 413,887 | 110,810
2,935,346,481 | 28,625,039 | 352,218 | 108,952
2,935,346,115 | 28,656,644 | 361,931 | 110,125
2,935,346,479 | 28,622,818 | 499,086 | 109,503
