Performance results for ./matrix/1.mtx | threads=1 | chunksize=1
L1-dcache-loads | L1-dcache-load-misses | LLC-loads | LLC-load-misses
596,759,293 | 5,749,887 | 83,896 | 10,683
596,759,293 | 5,748,298 | 80,092 | 10,992
596,759,301 | 5,744,917 | 72,295 | 10,120
596,759,293 | 5,749,456 | 76,940 | 8,867
596,759,294 | 5,747,991 | 72,229 | 9,888
596,759,302 | 5,742,757 | 119,871 | 10,047
596,759,297 | 5,748,680 | 79,290 | 9,917
596,759,293 | 5,752,632 | 79,381 | 7,585
596,759,300 | 5,750,464 | 84,834 | 8,627
596,759,293 | 5,754,265 | 75,958 | 8,517
