Performance results for ./matrix/1.mtx | threads=8 | chunksize=1
L1-dcache-loads | L1-dcache-load-misses | LLC-loads | LLC-load-misses
596,844,413 | 6,008,674 | 226,870 | 52,190
596,848,090 | 6,018,448 | 211,833 | 51,069
596,843,555 | 6,013,584 | 203,971 | 36,327
596,847,246 | 6,025,223 | 206,085 | 37,984
596,841,028 | 6,012,367 | 206,416 | 39,806
596,811,694 | 6,020,415 | 201,145 | 37,652
596,847,944 | 6,019,114 | 226,987 | 37,217
596,852,822 | 6,023,616 | 216,145 | 49,008
596,847,239 | 6,014,265 | 202,987 | 35,997
596,842,389 | 6,033,713 | 204,952 | 37,527
