Performance results for ./matrix/2.mtx | threads=64 | chunksize=1000
L1-dcache-loads | L1-dcache-load-misses | LLC-loads | LLC-load-misses
2,974,595,394 | 36,074,313 | 681,706 | 82,982
2,968,351,102 | 36,125,754 | 918,712 | 76,244
2,972,928,011 | 36,081,882 | 803,876 | 82,154
2,961,106,763 | 35,822,516 | 759,413 | 85,811
2,969,345,396 | 36,082,430 | 748,323 | 81,879
2,964,374,347 | 28,848,672 | 555,016 | 140,135
2,956,504,343 | 35,836,841 | 788,526 | 79,007
2,961,700,624 | 36,146,974 | 676,389 | 84,175
2,968,962,276 | 36,152,153 | 748,246 | 81,450
2,958,312,313 | 36,094,125 | 680,678 | 81,552
