Performance results for ./matrix/2.mtx | threads=32 | chunksize=1000
L1-dcache-loads | L1-dcache-load-misses | LLC-loads | LLC-load-misses
2,939,105,778 | 36,149,651 | 744,483 | 80,031
2,939,166,658 | 36,206,647 | 721,819 | 76,799
2,939,198,671 | 36,088,256 | 695,337 | 85,601
2,939,018,518 | 35,935,467 | 693,191 | 83,628
2,939,152,928 | 36,075,975 | 752,423 | 82,292
2,939,164,384 | 36,109,846 | 684,987 | 82,782
2,939,149,667 | 36,140,262 | 709,810 | 83,388
2,939,176,182 | 36,075,472 | 807,889 | 80,812
2,939,022,394 | 36,096,215 | 750,230 | 80,513
2,939,115,150 | 36,090,855 | 841,831 | 79,900
