Performance results for ./matrix/5.mtx | threads=32 | chunksize=100
L1-dcache-loads | L1-dcache-load-misses | LLC-loads | LLC-load-misses
134,380,317,897 | 427,739,683 | 30,493,699 | 20,132,811
134,380,527,356 | 423,331,727 | 30,556,006 | 20,080,614
134,380,339,033 | 421,893,325 | 30,593,992 | 20,230,509
134,380,316,571 | 422,300,189 | 30,544,542 | 20,124,887
134,380,269,562 | 423,582,917 | 30,800,872 | 20,335,363
134,380,410,097 | 423,581,485 | 30,469,396 | 20,341,351
134,380,428,529 | 422,129,411 | 30,910,101 | 20,286,671
134,380,694,081 | 447,934,869 | 53,070,226 | 26,413,386
134,380,474,754 | 421,065,619 | 30,666,725 | 20,175,596
134,380,382,357 | 423,168,776 | 30,539,247 | 20,263,609
