Performance results for ./matrix/5.mtx | threads=32 | chunksize=1000
L1-dcache-loads | L1-dcache-load-misses | LLC-loads | LLC-load-misses
134,376,895,397 | 398,815,664 | 23,467,757 | 14,482,298
134,376,830,628 | 404,040,666 | 32,049,462 | 18,084,509
134,376,946,900 | 400,708,239 | 23,113,923 | 14,416,429
134,377,099,835 | 398,989,084 | 23,412,155 | 14,616,957
134,376,802,354 | 400,273,937 | 23,338,393 | 14,515,263
134,376,924,003 | 401,069,571 | 23,424,682 | 14,277,469
134,376,922,034 | 401,938,915 | 23,307,172 | 14,329,062
134,376,947,762 | 399,845,905 | 23,379,677 | 14,429,643
134,367,679,199 | 414,349,277 | 32,258,613 | 18,367,418
134,376,841,118 | 402,907,539 | 31,399,664 | 17,555,360
