Performance results for ./matrix/2.mtx | threads=1 | chunksize=1
L1-dcache-loads | L1-dcache-load-misses | LLC-loads | LLC-load-misses
2,935,658,021 | 36,157,482 | 553,151 | 68,416
2,935,658,021 | 36,119,718 | 511,513 | 67,228
2,935,658,021 | 28,643,284 | 431,849 | 102,257
2,935,658,016 | 28,680,605 | 365,873 | 108,184
2,935,658,024 | 28,639,169 | 509,842 | 101,631
2,935,658,018 | 28,653,877 | 339,136 | 105,120
2,935,658,021 | 28,704,851 | 381,243 | 104,315
2,935,658,018 | 28,618,834 | 413,745 | 105,814
2,935,658,024 | 28,713,795 | 324,149 | 101,802
2,935,658,018 | 28,644,948 | 325,503 | 102,740
