Performance results for ./matrix/5.mtx | threads=64 | chunksize=1000
L1-dcache-loads | L1-dcache-load-misses | LLC-loads | LLC-load-misses
134,406,498,148 | 398,997,056 | 24,230,663 | 14,652,001
134,396,992,263 | 401,937,056 | 23,586,355 | 14,558,957
134,403,014,322 | 405,727,009 | 31,862,367 | 17,319,475
134,397,019,562 | 401,507,114 | 23,747,723 | 14,549,196
134,412,780,192 | 402,398,233 | 23,740,193 | 15,076,408
134,411,424,273 | 402,394,300 | 23,640,540 | 14,721,870
134,410,299,821 | 402,432,397 | 23,718,170 | 14,790,465
134,397,257,274 | 400,937,041 | 24,130,268 | 14,478,142
134,411,387,416 | 400,695,294 | 23,638,822 | 14,622,269
134,413,757,068 | 403,025,618 | 24,143,770 | 14,721,058
