Performance results for ./matrix/4.mtx | threads=1 | chunksize=100
L1-dcache-loads | L1-dcache-load-misses | LLC-loads | LLC-load-misses
77,576,984,397 | 342,774,692 | 1,399,542 | 773,685
77,576,984,399 | 340,456,662 | 1,499,353 | 768,004
77,576,984,401 | 340,548,748 | 1,787,043 | 780,304
77,576,984,407 | 341,154,593 | 1,422,285 | 782,307
77,576,984,407 | 340,921,984 | 1,449,571 | 776,692
77,576,984,399 | 341,158,617 | 1,470,374 | 778,302
77,576,984,397 | 340,813,564 | 1,437,845 | 780,665
77,576,984,394 | 345,380,905 | 2,039,317 | 794,049
77,576,984,410 | 343,370,790 | 1,494,040 | 816,671
77,576,984,401 | 342,934,008 | 1,450,440 | 767,301
