Performance results for ./matrix/4.mtx | threads=16 | chunksize=1
L1-dcache-loads | L1-dcache-load-misses | LLC-loads | LLC-load-misses
77,672,440,541 | 486,997,952 | 33,434,706 | 13,900,427
77,672,430,436 | 482,845,286 | 33,478,260 | 11,886,093
77,672,431,893 | 482,749,593 | 33,840,178 | 12,747,059
77,672,409,903 | 481,848,677 | 33,761,772 | 12,749,946
77,675,417,858 | 537,713,424 | 60,805,664 | 22,291,390
77,672,415,770 | 479,758,623 | 31,236,114 | 12,285,350
77,671,581,940 | 479,482,282 | 31,231,151 | 10,937,639
77,672,420,139 | 479,633,022 | 31,188,637 | 12,273,903
77,672,422,683 | 481,443,774 | 31,114,305 | 12,346,448
77,671,472,562 | 481,026,381 | 31,414,708 | 10,975,509
