Performance results for ./matrix/4.mtx | threads=2 | chunksize=1000
L1-dcache-loads | L1-dcache-load-misses | LLC-loads | LLC-load-misses
77,576,461,452 | 346,171,391 | 2,121,335 | 1,169,176
77,576,462,224 | 345,321,491 | 2,056,109 | 1,070,767
77,576,461,907 | 347,543,976 | 2,160,465 | 1,217,571
77,576,461,910 | 344,175,851 | 2,158,443 | 1,059,299
77,576,462,396 | 345,733,399 | 2,035,738 | 1,070,951
77,576,461,925 | 345,161,031 | 2,039,642 | 1,073,656
77,576,461,457 | 345,896,610 | 2,019,120 | 1,072,278
77,576,462,339 | 345,665,246 | 2,070,694 | 1,069,110
77,576,462,378 | 345,085,553 | 2,077,541 | 1,074,265
77,576,461,766 | 347,268,098 | 2,184,013 | 1,201,230
