Performance results for ./matrix/4.mtx | threads=8 | chunksize=1
L1-dcache-loads | L1-dcache-load-misses | LLC-loads | LLC-load-misses
77,669,984,175 | 460,307,993 | 25,741,622 | 13,067,046
77,669,982,290 | 461,278,889 | 26,451,366 | 13,450,303
77,669,987,563 | 465,027,769 | 26,379,573 | 13,503,948
77,669,982,040 | 459,285,581 | 26,072,924 | 12,430,390
77,669,980,738 | 462,969,773 | 26,518,815 | 13,546,797
77,669,903,992 | 452,943,477 | 24,497,674 | 10,383,867
77,669,865,321 | 453,729,463 | 24,401,417 | 10,440,778
77,669,897,045 | 455,211,739 | 24,346,437 | 10,472,538
77,669,983,866 | 452,975,458 | 24,348,008 | 10,893,998
77,669,923,282 | 453,111,704 | 24,485,330 | 10,566,853
