Performance results for ./matrix/5.mtx | threads=2 | chunksize=100
L1-dcache-loads | L1-dcache-load-misses | LLC-loads | LLC-load-misses
134,371,090,374 | 416,899,091 | 22,808,188 | 14,371,268
134,371,089,958 | 412,535,377 | 22,836,358 | 14,140,354
134,371,090,072 | 412,917,821 | 22,660,617 | 14,117,843
134,371,090,041 | 415,135,978 | 22,951,162 | 14,607,117
134,371,090,024 | 415,874,614 | 23,015,548 | 14,647,968
134,371,090,142 | 414,922,493 | 22,804,522 | 14,213,579
134,371,090,018 | 413,003,858 | 22,786,363 | 14,524,546
134,371,090,087 | 415,569,950 | 22,980,542 | 14,421,952
134,371,090,282 | 413,087,975 | 22,636,724 | 14,162,693
134,371,089,313 | 412,931,186 | 22,580,466 | 14,088,906
