Performance results for ./matrix/4.mtx | threads=2 | chunksize=100
L1-dcache-loads | L1-dcache-load-misses | LLC-loads | LLC-load-misses
77,577,287,798 | 346,673,555 | 2,454,050 | 1,336,455
77,577,287,721 | 347,578,748 | 2,380,562 | 1,396,845
77,577,288,022 | 346,974,044 | 2,453,081 | 1,317,872
77,577,287,738 | 345,398,364 | 2,415,046 | 1,405,438
77,577,287,804 | 346,894,965 | 2,453,665 | 1,231,605
77,577,287,714 | 345,938,800 | 2,413,849 | 1,403,772
77,577,287,922 | 345,582,710 | 2,394,914 | 1,396,442
77,577,287,813 | 347,863,057 | 2,337,455 | 1,395,208
77,577,287,735 | 345,632,667 | 2,459,216 | 1,395,124
77,577,287,660 | 344,803,133 | 2,449,180 | 1,400,038
