Performance results for ./matrix/2.mtx | threads=64 | chunksize=100
L1-dcache-loads | L1-dcache-load-misses | LLC-loads | LLC-load-misses
2,969,249,500 | 36,109,454 | 936,266 | 84,927
2,973,204,604 | 36,200,628 | 876,528 | 88,030
2,957,299,859 | 36,112,665 | 836,655 | 83,910
2,956,829,385 | 35,757,787 | 874,338 | 84,270
2,966,721,830 | 36,141,671 | 905,711 | 85,602
2,967,270,141 | 36,135,390 | 947,949 | 83,059
2,968,931,226 | 36,380,651 | 827,983 | 84,051
2,968,153,760 | 36,128,944 | 895,322 | 84,382
2,967,738,871 | 36,101,097 | 900,636 | 84,827
2,966,451,335 | 36,064,075 | 837,855 | 85,090
