Performance results for ./matrix/5.mtx | threads=32 | chunksize=1
L1-dcache-loads | L1-dcache-load-misses | LLC-loads | LLC-load-misses
135,780,490,993 | 1,160,359,542 | 279,505,803 | 68,675,398
135,780,451,925 | 1,227,796,345 | 401,250,830 | 99,569,293
135,780,418,612 | 1,160,332,181 | 276,561,121 | 69,426,495
135,780,547,000 | 1,162,460,265 | 278,722,706 | 69,321,448
135,780,408,843 | 1,160,725,861 | 276,416,173 | 69,383,374
135,780,432,138 | 1,164,753,740 | 277,563,238 | 68,378,875
135,780,448,487 | 1,167,685,839 | 276,228,231 | 68,414,815
135,780,444,535 | 1,168,683,789 | 279,597,405 | 68,350,006
135,780,645,951 | 1,162,206,881 | 277,870,805 | 68,072,265
135,780,560,066 | 1,163,757,032 | 275,704,429 | 68,257,157
