Performance results for ./matrix/4.mtx | threads=8 | chunksize=100
L1-dcache-loads | L1-dcache-load-misses | LLC-loads | LLC-load-misses
77,578,102,178 | 344,444,151 | 2,901,219 | 1,482,123
77,578,062,942 | 345,705,731 | 2,871,115 | 1,498,631
77,578,062,520 | 343,886,797 | 2,958,919 | 1,490,987
77,578,112,917 | 345,826,921 | 2,883,585 | 1,499,293
77,578,046,946 | 346,512,982 | 2,908,655 | 1,496,572
77,578,051,942 | 343,404,139 | 2,911,980 | 1,482,866
77,578,074,891 | 345,518,252 | 2,875,019 | 1,488,840
77,578,085,877 | 345,491,518 | 2,955,349 | 1,494,768
77,578,063,734 | 345,741,927 | 2,913,922 | 1,496,305
77,578,068,740 | 344,301,173 | 2,983,994 | 1,495,531
