Performance results for ./matrix/3.mtx | threads=2 | chunksize=1000
L1-dcache-loads | L1-dcache-load-misses | LLC-loads | LLC-load-misses
56,140,283,292 | 796,053,396 | 324,996,452 | 18,543,964
56,140,281,174 | 798,267,918 | 325,218,843 | 20,897,528
56,140,292,159 | 800,604,829 | 325,449,547 | 17,952,308
56,140,283,587 | 795,620,218 | 324,817,709 | 20,944,255
56,140,289,532 | 801,893,228 | 325,297,871 | 19,625,104
56,140,281,769 | 794,254,835 | 324,593,354 | 17,452,564
56,140,287,062 | 796,071,018 | 324,753,817 | 17,379,068
56,140,451,560 | 970,433,582 | 463,448,064 | 25,256,793
56,140,451,291 | 972,874,946 | 463,796,670 | 25,221,090
56,140,451,941 | 979,700,851 | 463,964,839 | 25,165,675
