Performance results for ./matrix/4.mtx | threads=16 | chunksize=1000
L1-dcache-loads | L1-dcache-load-misses | LLC-loads | LLC-load-misses
77,580,722,299 | 345,630,487 | 2,409,730 | 1,193,787
77,580,705,612 | 345,453,469 | 2,518,578 | 1,193,763
77,580,745,005 | 345,272,383 | 2,399,083 | 1,204,285
77,580,730,877 | 345,451,655 | 2,345,784 | 1,209,356
77,580,713,589 | 344,910,381 | 2,436,774 | 1,205,514
77,580,757,645 | 344,789,384 | 2,434,837 | 1,217,669
77,580,758,910 | 345,764,508 | 2,513,487 | 1,365,550
77,580,758,791 | 347,346,967 | 2,349,405 | 1,199,143
77,580,858,864 | 345,883,663 | 2,350,898 | 1,180,944
77,580,722,034 | 344,262,439 | 2,457,575 | 1,195,959
