Performance results for ./matrix/3.mtx | threads=8 | chunksize=1
L1-dcache-loads | L1-dcache-load-misses | LLC-loads | LLC-load-misses
56,165,309,199 | 983,263,192 | 469,333,255 | 27,967,503
56,165,306,383 | 993,582,716 | 470,131,916 | 29,663,705
56,165,308,447 | 985,596,573 | 470,138,110 | 30,864,296
56,165,310,362 | 992,628,719 | 469,625,619 | 29,861,449
56,165,311,796 | 992,567,357 | 469,535,133 | 31,048,142
56,165,311,190 | 996,426,887 | 469,907,281 | 29,221,051
56,165,307,537 | 984,386,763 | 469,363,722 | 29,376,055
56,165,314,276 | 993,035,276 | 470,113,602 | 30,282,597
56,165,307,383 | 997,835,119 | 469,482,632 | 29,433,263
56,165,306,571 | 983,478,803 | 469,375,608 | 32,876,148
