Performance results for ./matrix/1.mtx | threads=16 | chunksize=100
L1-dcache-loads | L1-dcache-load-misses | LLC-loads | LLC-load-misses
596,637,288 | 5,765,135 | 180,285 | 22,306
596,642,598 | 5,763,541 | 197,188 | 21,355
596,643,905 | 5,764,762 | 201,472 | 23,984
596,635,478 | 5,766,189 | 175,905 | 22,224
596,649,829 | 5,755,129 | 181,921 | 22,591
596,578,758 | 5,760,995 | 194,232 | 23,437
596,637,913 | 5,761,917 | 160,845 | 22,776
596,615,118 | 5,757,413 | 194,395 | 23,693
596,631,209 | 5,764,781 | 194,420 | 24,006
596,631,186 | 5,760,076 | 165,657 | 17,190
