Performance results for ./matrix/2.mtx | threads=4 | chunksize=1000
L1-dcache-loads | L1-dcache-load-misses | LLC-loads | LLC-load-misses
2,935,383,878 | 28,614,195 | 453,427 | 115,921
2,935,403,424 | 28,644,138 | 389,469 | 120,132
2,935,403,398 | 28,612,548 | 372,967 | 114,532
2,935,399,390 | 28,595,647 | 428,632 | 114,727
2,935,416,020 | 28,603,091 | 419,047 | 113,633
2,935,392,426 | 28,615,264 | 446,247 | 119,384
2,935,388,318 | 28,672,593 | 341,697 | 114,998
2,935,394,932 | 28,652,351 | 597,938 | 119,504
2,935,407,769 | 28,685,077 | 362,158 | 118,125
2,935,401,961 | 28,683,336 | 360,763 | 114,420
