Performance results for ./matrix/4.mtx | threads=8 | chunksize=100
L1-dcache-loads | L1-dcache-load-misses | LLC-loads | LLC-load-misses
77,578,483,792 | 354,395,736 | 2,258,851 | 1,627,498
77,578,252,434 | 355,578,846 | 2,352,477 | 1,694,675
77,578,253,301 | 352,680,657 | 2,298,419 | 1,616,029
77,578,267,982 | 355,726,188 | 2,330,134 | 1,695,651
77,580,342,221 | 351,480,367 | 2,562,802 | 1,782,724
77,578,248,280 | 357,825,058 | 2,318,696 | 1,681,186
77,580,352,277 | 351,143,886 | 2,850,126 | 1,908,103
77,578,249,998 | 352,918,703 | 2,243,810 | 1,613,309
77,578,234,225 | 350,813,547 | 2,257,309 | 1,614,437
77,578,249,596 | 355,634,888 | 2,325,104 | 1,617,587
