Performance results for ./matrix/1.mtx | threads=16 | chunksize=100
L1-dcache-loads | L1-dcache-load-misses | LLC-loads | LLC-load-misses
597,441,151 | 6,390,776 | 198,330 | 30,158
596,965,237 | 5,761,192 | 218,550 | 32,323
597,458,559 | 6,377,715 | 203,359 | 29,455
597,548,557 | 6,367,757 | 200,363 | 33,914
597,049,589 | 5,759,145 | 358,745 | 33,071
596,962,048 | 5,765,582 | 394,301 | 31,584
597,582,020 | 6,376,956 | 193,598 | 33,067
597,017,700 | 5,741,934 | 241,602 | 33,335
596,821,537 | 5,744,693 | 239,145 | 33,315
597,565,725 | 6,377,593 | 180,874 | 33,932
