Performance results for ./matrix/4.mtx | threads=1 | chunksize=1000
L1-dcache-loads | L1-dcache-load-misses | LLC-loads | LLC-load-misses
77,576,076,856 | 353,781,816 | 2,378,142 | 1,719,950
77,576,076,715 | 352,507,481 | 2,531,073 | 1,605,336
77,576,076,835 | 353,622,443 | 2,254,545 | 1,588,171
77,576,076,843 | 350,357,117 | 2,365,337 | 1,604,017
77,576,076,841 | 353,871,889 | 2,212,823 | 1,599,393
77,576,076,676 | 352,750,282 | 2,246,323 | 1,587,905
77,576,076,346 | 353,877,505 | 2,296,597 | 1,667,491
77,576,076,715 | 354,559,079 | 2,257,138 | 1,595,647
77,576,076,590 | 355,673,784 | 2,190,329 | 1,602,569
77,576,077,487 | 350,860,052 | 2,289,676 | 1,589,741
