Performance results for ./matrix/1.mtx | threads=4 | chunksize=1
L1-dcache-loads | L1-dcache-load-misses | LLC-loads | LLC-load-misses
596,542,377 | 5,753,225 | 400,232 | 25,994
596,667,194 | 6,362,527 | 119,767 | 29,330
596,485,753 | 5,751,250 | 210,780 | 25,587
596,489,864 | 5,754,327 | 268,810 | 26,431
596,529,450 | 5,742,758 | 247,108 | 25,413
596,658,141 | 6,357,833 | 120,132 | 29,175
596,509,491 | 5,745,035 | 141,147 | 31,642
596,627,723 | 6,368,812 | 119,190 | 28,951
596,636,269 | 6,367,934 | 121,838 | 29,426
596,672,498 | 6,375,807 | 119,545 | 29,499
