Performance results for ./matrix/1.mtx | threads=2 | chunksize=1000
L1-dcache-loads | L1-dcache-load-misses | LLC-loads | LLC-load-misses
596,457,431 | 5,740,478 | 201,585 | 23,614
596,528,939 | 6,367,969 | 103,410 | 24,622
596,458,626 | 5,744,749 | 336,948 | 23,181
596,518,933 | 6,360,068 | 107,412 | 24,783
596,456,698 | 5,755,281 | 372,981 | 23,870
596,466,117 | 5,744,873 | 176,148 | 22,868
596,485,131 | 5,744,068 | 162,247 | 24,826
596,508,294 | 6,366,923 | 100,543 | 24,150
596,506,692 | 6,359,228 | 121,914 | 23,813
596,505,875 | 6,378,797 | 94,108 | 24,388
