Performance results for ./matrix/2.mtx | threads=4 | chunksize=1
L1-dcache-loads | L1-dcache-load-misses | LLC-loads | LLC-load-misses
2,935,448,160 | 28,622,425 | 1,894,739 | 131,332
2,936,241,153 | 36,185,797 | 580,071 | 107,715
2,935,444,299 | 28,619,448 | 412,093 | 125,727
2,936,241,345 | 36,239,119 | 709,577 | 104,937
2,935,444,756 | 28,638,096 | 455,253 | 136,732
2,936,241,588 | 36,182,325 | 572,961 | 105,159
2,935,448,150 | 28,599,608 | 904,780 | 125,214
2,936,242,564 | 36,281,319 | 609,391 | 105,583
2,935,444,555 | 28,571,894 | 415,625 | 127,808
2,935,446,673 | 28,580,475 | 623,823 | 126,027
