Performance results for ./matrix/1.mtx | threads=1 | chunksize=100
L1-dcache-loads | L1-dcache-load-misses | LLC-loads | LLC-load-misses
596,430,286 | 6,346,623 | 86,702 | 7,361
596,430,286 | 6,346,248 | 79,824 | 7,430
596,430,278 | 6,344,098 | 86,601 | 8,300
596,430,279 | 6,353,544 | 83,808 | 7,043
596,430,285 | 5,750,246 | 98,402 | 11,816
596,430,277 | 5,749,959 | 191,061 | 8,722
596,430,279 | 6,356,837 | 90,581 | 9,648
596,430,287 | 6,340,902 | 82,248 | 7,670
596,430,287 | 5,747,101 | 131,018 | 12,774
596,430,278 | 6,340,038 | 80,692 | 7,378
