Performance results for ./matrix/4.mtx | threads=8 | chunksize=1
L1-dcache-loads | L1-dcache-load-misses | LLC-loads | LLC-load-misses
77,578,253,935 | 354,809,069 | 2,365,020 | 1,617,610
77,578,255,683 | 354,922,555 | 2,283,749 | 1,607,791
77,578,257,670 | 358,382,326 | 2,273,589 | 1,637,606
77,578,255,962 | 351,079,929 | 2,636,624 | 1,616,016
77,578,261,319 | 355,625,621 | 2,304,355 | 1,670,388
77,578,248,839 | 352,369,552 | 2,263,452 | 1,598,257
77,578,254,203 | 355,189,356 | 2,232,891 | 1,610,363
77,578,252,475 | 353,119,618 | 2,273,806 | 1,602,493
77,578,252,171 | 352,856,115 | 2,227,029 | 1,616,194
77,578,259,716 | 357,942,144 | 2,301,669 | 1,682,162
