Performance results for ./matrix/4.mtx | threads=64 | chunksize=1000
L1-dcache-loads | L1-dcache-load-misses | LLC-loads | LLC-load-misses
77,625,710,759 | 351,770,318 | 2,762,695 | 1,951,687
77,622,518,871 | 353,227,654 | 2,489,262 | 1,674,850
77,625,961,829 | 351,743,724 | 2,777,283 | 1,653,462
77,620,440,604 | 356,946,829 | 2,489,967 | 1,758,072
77,630,288,282 | 353,100,355 | 2,735,896 | 1,663,187
77,627,937,645 | 352,752,803 | 2,408,980 | 1,675,222
77,626,080,361 | 352,822,863 | 2,382,942 | 1,664,135
77,627,542,167 | 351,349,171 | 2,394,290 | 1,661,594
77,619,117,634 | 357,270,913 | 2,457,616 | 1,711,432
77,628,309,515 | 350,159,093 | 2,425,526 | 1,668,889
