Performance results for ./matrix/5.mtx | threads=2 | chunksize=1
L1-dcache-loads | L1-dcache-load-misses | LLC-loads | LLC-load-misses
134,357,268,516 | 421,741,279 | 30,581,733 | 21,852,345
134,357,268,561 | 414,211,341 | 30,669,675 | 21,473,445
134,357,267,715 | 416,588,138 | 30,552,417 | 21,470,394
134,357,268,350 | 422,193,915 | 30,448,812 | 21,355,844
134,357,267,974 | 416,304,757 | 30,370,492 | 21,576,437
134,357,266,696 | 413,477,946 | 30,791,020 | 21,612,289
134,357,263,766 | 417,866,234 | 30,313,035 | 21,494,292
134,357,268,135 | 412,910,898 | 30,421,984 | 21,512,111
134,357,268,029 | 413,702,411 | 30,698,411 | 21,634,104
134,357,267,907 | 414,372,067 | 30,199,721 | 21,503,595
