Performance results for ./matrix/1.mtx | threads=64 | chunksize=1
L1-dcache-loads | L1-dcache-load-misses | LLC-loads | LLC-load-misses
632,271,501 | 5,787,485 | 415,533 | 37,461
629,078,545 | 5,771,902 | 327,879 | 31,916
630,543,569 | 5,786,538 | 331,333 | 34,535
633,291,359 | 5,765,068 | 454,276 | 36,659
628,728,546 | 6,418,403 | 350,224 | 35,550
632,786,637 | 6,403,968 | 349,248 | 39,199
630,471,995 | 5,785,195 | 398,818 | 32,814
633,024,326 | 6,391,909 | 369,277 | 37,055
630,498,286 | 5,777,631 | 520,885 | 32,719
632,442,653 | 5,787,859 | 345,170 | 33,948
