Performance results for ./matrix/2.mtx | threads=1 | chunksize=100
L1-dcache-loads | L1-dcache-load-misses | LLC-loads | LLC-load-misses
2,935,329,012 | 36,186,155 | 527,518 | 87,926
2,935,329,015 | 36,299,757 | 750,181 | 85,909
2,935,329,012 | 28,586,496 | 607,046 | 105,010
2,935,329,003 | 28,547,605 | 436,223 | 114,358
2,935,329,004 | 36,216,265 | 554,926 | 85,735
2,935,329,009 | 28,543,062 | 344,642 | 106,379
2,935,329,006 | 36,280,483 | 626,863 | 90,751
2,935,329,002 | 28,640,794 | 354,032 | 106,157
2,935,329,009 | 28,595,991 | 721,828 | 105,412
2,935,329,016 | 36,152,714 | 599,227 | 84,590
