Performance results for ./matrix/5.mtx | threads=16 | chunksize=1
L1-dcache-loads | L1-dcache-load-misses | LLC-loads | LLC-load-misses
134,365,957,871 | 412,265,099 | 32,318,037 | 22,670,384
134,365,909,004 | 408,737,715 | 32,148,435 | 22,435,130
134,365,953,257 | 415,129,627 | 31,912,067 | 22,479,741
134,365,915,953 | 425,010,795 | 32,247,606 | 22,482,865
134,365,924,379 | 413,459,289 | 31,881,335 | 22,294,577
134,365,890,637 | 413,198,010 | 32,034,167 | 22,229,765
134,365,933,443 | 421,572,320 | 32,349,329 | 22,977,052
134,365,940,064 | 411,313,764 | 32,398,252 | 22,911,039
134,365,927,216 | 410,830,274 | 31,664,745 | 22,012,542
134,365,924,617 | 410,491,527 | 32,050,896 | 22,447,731
