Performance results for ./matrix/1.mtx | threads=64 | chunksize=100
L1-dcache-loads | L1-dcache-load-misses | LLC-loads | LLC-load-misses
628,969,558 | 6,413,929 | 342,553 | 33,708
633,527,514 | 6,391,545 | 341,876 | 35,350
632,660,132 | 6,397,521 | 359,618 | 34,984
612,126,718 | 5,764,927 | 481,066 | 35,981
634,845,814 | 6,402,613 | 346,780 | 35,035
635,579,336 | 6,394,551 | 350,288 | 37,671
629,684,631 | 5,772,428 | 432,911 | 30,479
626,770,847 | 5,776,633 | 527,024 | 31,317
634,722,474 | 6,409,474 | 347,545 | 33,878
632,249,317 | 6,398,620 | 327,449 | 36,472
