Performance results for ./matrix/1.mtx | threads=32 | chunksize=1000
L1-dcache-loads | L1-dcache-load-misses | LLC-loads | LLC-load-misses
598,204,416 | 5,760,770 | 297,207 | 35,184
599,534,620 | 6,375,950 | 248,793 | 31,624
599,592,410 | 6,370,294 | 260,153 | 33,835
599,528,269 | 6,377,110 | 237,649 | 33,249
599,304,667 | 6,391,746 | 223,803 | 33,645
599,021,208 | 6,394,899 | 325,782 | 31,771
602,622,514 | 5,760,380 | 317,535 | 33,066
598,338,185 | 5,768,390 | 273,552 | 34,075
598,446,702 | 5,769,722 | 466,914 | 33,096
598,537,025 | 5,752,572 | 391,478 | 32,909
