Performance results for ./matrix/1.mtx | threads=2 | chunksize=1
L1-dcache-loads | L1-dcache-load-misses | LLC-loads | LLC-load-misses
596,463,282 | 5,752,742 | 140,355 | 26,275
596,455,939 | 5,755,817 | 99,240 | 25,001
596,452,728 | 5,737,641 | 221,865 | 23,972
596,499,198 | 6,366,041 | 93,792 | 24,504
596,502,939 | 6,365,020 | 111,307 | 23,782
596,466,377 | 5,752,696 | 137,420 | 23,832
596,497,863 | 6,370,496 | 104,325 | 25,510
596,488,875 | 5,746,489 | 98,751 | 26,031
596,519,142 | 6,387,839 | 102,459 | 28,178
596,515,025 | 6,360,128 | 102,896 | 26,376
