Performance results for ./matrix/1.mtx | threads=8 | chunksize=1
L1-dcache-loads | L1-dcache-load-misses | LLC-loads | LLC-load-misses
596,932,391 | 6,374,694 | 140,589 | 27,546
596,897,121 | 6,380,902 | 138,135 | 29,249
596,870,774 | 6,372,250 | 147,326 | 29,097
596,942,854 | 6,373,023 | 154,358 | 34,923
596,578,013 | 5,748,799 | 440,510 | 30,935
596,881,815 | 6,370,097 | 150,322 | 27,326
596,640,522 | 5,754,496 | 568,759 | 29,463
596,917,043 | 6,375,191 | 158,912 | 36,472
596,683,197 | 5,746,875 | 176,559 | 30,813
597,002,784 | 6,384,715 | 165,212 | 36,738
