Performance results for ./matrix/5.mtx | threads=16 | chunksize=1000
L1-dcache-loads | L1-dcache-load-misses | LLC-loads | LLC-load-misses
134,365,961,898 | 413,503,636 | 32,449,723 | 22,923,648
134,365,917,218 | 416,800,403 | 32,542,012 | 23,233,429
134,365,934,900 | 403,642,574 | 32,210,691 | 22,521,384
134,365,899,837 | 416,226,937 | 32,428,281 | 23,204,711
134,365,906,770 | 410,206,603 | 32,020,053 | 22,477,305
134,365,933,227 | 409,456,476 | 32,346,077 | 22,612,817
134,365,908,771 | 416,740,560 | 32,059,235 | 22,350,747
134,365,891,097 | 410,843,176 | 32,661,324 | 22,715,472
134,365,906,861 | 418,280,928 | 31,862,063 | 22,350,184
134,365,949,975 | 416,518,864 | 32,299,943 | 22,450,583
