Performance results for ./matrix/4.mtx | threads=16 | chunksize=100
L1-dcache-loads | L1-dcache-load-misses | LLC-loads | LLC-load-misses
77,580,867,719 | 351,655,917 | 2,631,208 | 1,610,625
77,580,888,668 | 356,353,369 | 2,404,762 | 1,706,068
77,580,857,646 | 352,347,205 | 2,591,680 | 1,618,044
77,580,812,186 | 354,277,175 | 2,322,739 | 1,659,737
77,580,876,710 | 352,490,689 | 2,317,637 | 1,622,143
77,580,873,600 | 353,041,224 | 2,296,276 | 1,625,104
77,580,877,677 | 354,752,760 | 2,306,182 | 1,644,170
77,580,866,514 | 356,345,889 | 2,312,909 | 1,660,398
77,581,152,043 | 350,853,150 | 2,379,534 | 1,662,389
77,580,855,602 | 354,576,460 | 2,382,736 | 1,613,994
