Performance results for ./matrix/4.mtx | threads=1 | chunksize=1
L1-dcache-loads | L1-dcache-load-misses | LLC-loads | LLC-load-misses
77,576,075,887 | 351,493,192 | 2,378,476 | 1,602,886
77,576,075,976 | 352,609,232 | 2,363,450 | 1,587,743
77,576,076,107 | 349,985,498 | 2,551,399 | 1,592,766
77,576,076,783 | 352,566,323 | 2,275,629 | 1,592,314
77,576,076,405 | 351,370,556 | 2,318,102 | 1,592,573
77,576,076,555 | 355,373,564 | 2,242,849 | 1,602,966
77,576,076,871 | 352,004,421 | 2,248,263 | 1,596,581
77,576,076,997 | 354,499,440 | 2,347,838 | 1,711,268
77,576,076,430 | 352,908,655 | 2,241,388 | 1,587,195
77,576,076,127 | 352,885,856 | 2,209,861 | 1,591,826
