Performance results for ./matrix/3.mtx | threads=2 | chunksize=1
L1-dcache-loads | L1-dcache-load-misses | LLC-loads | LLC-load-misses
56,140,733,863 | 1,085,064,752 | 475,704,347 | 29,126,058
56,140,733,507 | 1,088,108,520 | 475,722,470 | 29,281,564
56,140,511,398 | 1,030,773,560 | 473,458,258 | 26,481,427
56,140,733,811 | 1,085,464,379 | 475,693,572 | 29,086,255
56,140,568,866 | 1,030,049,608 | 473,260,237 | 26,208,578
56,140,733,942 | 1,087,244,313 | 475,946,940 | 29,834,147
56,140,733,806 | 1,084,388,959 | 476,012,456 | 29,259,278
56,140,487,449 | 1,029,670,158 | 473,372,607 | 29,032,205
56,140,716,584 | 1,029,875,561 | 473,490,640 | 32,029,076
56,140,733,370 | 1,084,244,952 | 475,970,826 | 29,154,415
