Performance results for ./matrix/3.mtx | threads=1 | chunksize=100
L1-dcache-loads | L1-dcache-load-misses | LLC-loads | LLC-load-misses
56,140,125,798 | 1,084,786,537 | 475,232,220 | 30,259,363
56,140,125,795 | 1,084,509,799 | 475,291,440 | 30,721,475
56,140,125,804 | 1,082,610,432 | 475,408,808 | 30,338,096
56,140,125,807 | 1,086,180,944 | 475,146,429 | 30,596,659
56,140,125,732 | 1,031,350,848 | 472,685,325 | 28,658,681
56,140,125,733 | 1,032,542,663 | 472,574,886 | 26,723,462
56,140,125,763 | 1,031,025,183 | 472,869,361 | 26,724,460
56,140,125,767 | 1,084,789,599 | 475,486,014 | 30,515,435
56,140,125,724 | 1,030,572,484 | 472,628,154 | 28,850,423
56,140,125,750 | 1,031,895,582 | 472,889,739 | 29,842,059
