Performance results for ./matrix/5.mtx | threads=4 | chunksize=1
L1-dcache-loads | L1-dcache-load-misses | LLC-loads | LLC-load-misses
134,358,477,681 | 415,034,978 | 30,132,844 | 21,312,630
134,358,474,728 | 416,359,084 | 30,287,749 | 21,425,973
134,358,472,069 | 420,450,510 | 30,677,972 | 21,691,500
134,358,468,638 | 417,870,278 | 30,543,939 | 21,430,905
134,358,471,608 | 418,384,995 | 30,397,458 | 21,521,411
134,358,474,031 | 421,934,437 | 30,312,451 | 21,526,995
134,358,471,461 | 416,905,026 | 30,391,282 | 21,590,616
134,358,470,955 | 416,633,548 | 30,225,684 | 21,511,291
134,358,480,819 | 416,655,377 | 30,236,359 | 21,448,268
134,358,476,925 | 416,260,212 | 30,318,055 | 21,507,726
