Performance results for ./matrix/5.mtx | threads=32 | chunksize=1
L1-dcache-loads | L1-dcache-load-misses | LLC-loads | LLC-load-misses
134,383,211,023 | 414,425,551 | 33,063,823 | 23,175,925
134,382,879,263 | 408,027,965 | 32,762,978 | 22,957,226
134,383,196,734 | 408,249,950 | 32,812,003 | 22,658,859
134,382,945,580 | 407,763,861 | 33,090,494 | 22,985,302
134,383,414,062 | 410,972,950 | 33,018,904 | 23,228,586
134,383,161,703 | 416,802,765 | 33,492,151 | 23,231,753
134,383,261,931 | 421,885,651 | 33,095,138 | 22,616,626
134,382,975,690 | 411,620,318 | 32,722,859 | 22,761,041
134,380,685,557 | 412,620,908 | 33,332,301 | 23,050,007
134,383,505,856 | 422,950,320 | 33,296,587 | 23,307,628
