Performance results for ./matrix/1.mtx | threads=4 | chunksize=1000
L1-dcache-loads | L1-dcache-load-misses | LLC-loads | LLC-load-misses
596,677,559 | 6,365,014 | 118,381 | 31,565
596,630,284 | 6,373,569 | 119,830 | 27,718
596,631,515 | 6,399,596 | 112,089 | 28,812
596,524,378 | 5,754,765 | 204,130 | 28,491
596,511,541 | 5,747,327 | 261,519 | 30,011
596,514,087 | 5,753,995 | 180,118 | 29,670
596,673,624 | 6,381,380 | 139,378 | 30,909
596,543,832 | 5,747,501 | 107,563 | 30,542
596,651,291 | 6,369,863 | 145,684 | 28,702
596,645,882 | 6,382,136 | 124,150 | 28,283
