Performance results for ./matrix/5.mtx | threads=1 | chunksize=100
L1-dcache-loads | L1-dcache-load-misses | LLC-loads | LLC-load-misses
134,356,662,123 | 416,640,888 | 30,097,796 | 21,503,560
134,356,662,060 | 424,591,369 | 30,668,987 | 21,779,649
134,356,662,129 | 415,958,992 | 30,467,988 | 21,608,841
134,356,661,671 | 416,402,998 | 31,032,635 | 21,565,148
134,356,661,227 | 416,399,749 | 30,339,130 | 21,446,018
134,356,661,647 | 421,191,448 | 30,857,611 | 21,934,579
134,356,662,222 | 413,322,345 | 30,928,487 | 21,451,012
134,356,662,449 | 416,622,335 | 30,405,308 | 21,621,792
134,356,662,003 | 419,637,490 | 30,386,099 | 21,556,844
134,356,662,533 | 414,348,627 | 30,583,039 | 21,595,183
