Performance results for ./matrix/5.mtx | threads=16 | chunksize=100
L1-dcache-loads | L1-dcache-load-misses | LLC-loads | LLC-load-misses
134,365,938,408 | 417,276,524 | 31,897,395 | 22,100,025
134,365,930,038 | 415,071,469 | 32,452,729 | 22,548,867
134,365,921,665 | 417,961,543 | 32,068,966 | 22,562,113
134,365,898,907 | 408,155,607 | 31,802,291 | 22,109,473
134,365,922,348 | 417,069,170 | 32,191,251 | 22,539,229
134,365,915,516 | 416,740,291 | 32,336,723 | 22,284,780
134,365,903,533 | 413,370,791 | 32,109,332 | 22,692,285
134,365,921,947 | 396,327,345 | 30,754,327 | 22,005,945
134,365,966,397 | 410,199,206 | 32,318,334 | 22,814,534
134,365,933,049 | 414,563,072 | 32,393,496 | 22,876,022
