Performance results for ./matrix/4.mtx | threads=1 | chunksize=100
L1-dcache-loads | L1-dcache-load-misses | LLC-loads | LLC-load-misses
77,576,076,249 | 356,997,705 | 2,254,721 | 1,626,302
77,576,076,411 | 352,242,428 | 2,419,536 | 1,594,610
77,576,076,542 | 353,147,170 | 2,195,323 | 1,588,205
77,576,076,499 | 351,679,165 | 2,486,051 | 1,596,920
77,576,076,721 | 352,948,110 | 2,236,280 | 1,591,243
77,576,077,617 | 355,913,094 | 2,447,632 | 1,809,216
77,576,076,554 | 354,013,742 | 2,264,519 | 1,602,512
77,576,079,746 | 352,815,006 | 2,607,434 | 1,812,666
77,576,077,154 | 351,197,466 | 2,196,426 | 1,595,319
77,576,076,426 | 352,273,698 | 2,255,390 | 1,594,095
