Performance results for ./matrix/5.mtx | threads=64 | chunksize=1000
L1-dcache-loads | L1-dcache-load-misses | LLC-loads | LLC-load-misses
134,412,317,783 | 419,646,331 | 33,527,588 | 23,301,733
134,412,259,066 | 406,860,417 | 33,176,520 | 22,480,857
134,407,617,624 | 408,054,312 | 33,074,903 | 22,914,580
134,412,263,193 | 408,223,513 | 32,788,582 | 22,261,157
134,412,308,230 | 410,362,622 | 33,610,433 | 23,221,356
134,406,736,692 | 415,942,098 | 33,363,284 | 22,981,936
134,412,120,497 | 413,096,728 | 32,943,670 | 23,205,639
134,406,675,676 | 413,847,739 | 32,925,978 | 21,845,176
134,406,554,691 | 411,146,561 | 33,018,784 | 22,402,890
134,406,412,066 | 415,237,627 | 33,025,080 | 22,496,990
