Performance results for ./matrix/2.mtx | threads=1 | chunksize=1000
L1-dcache-loads | L1-dcache-load-misses | LLC-loads | LLC-load-misses
2,935,329,013 | 28,550,955 | 352,463 | 106,281
2,935,329,011 | 36,332,314 | 588,773 | 88,890
2,935,329,016 | 36,197,906 | 567,025 | 87,122
2,935,329,007 | 36,210,429 | 527,846 | 86,792
2,935,329,010 | 28,573,008 | 376,272 | 105,599
2,935,329,018 | 28,583,574 | 346,512 | 107,453
2,935,329,014 | 28,540,837 | 334,588 | 109,188
2,935,329,013 | 36,279,640 | 584,071 | 84,642
2,935,329,014 | 28,618,243 | 358,343 | 113,164
2,935,329,008 | 28,569,594 | 562,709 | 115,947
