Performance results for ./matrix/3.mtx | threads=1 | chunksize=1000
L1-dcache-loads | L1-dcache-load-misses | LLC-loads | LLC-load-misses
56,140,125,732 | 1,031,499,871 | 473,269,960 | 27,341,668
56,140,125,802 | 1,087,306,598 | 475,561,041 | 30,338,338
56,140,125,742 | 1,032,763,832 | 472,873,554 | 27,282,122
56,140,125,771 | 1,084,084,672 | 475,696,415 | 30,525,684
56,140,125,772 | 1,082,398,618 | 475,167,566 | 30,345,626
56,140,125,744 | 1,030,137,968 | 472,667,929 | 26,024,203
56,140,125,758 | 1,031,366,895 | 472,784,202 | 26,878,506
56,140,125,730 | 1,031,186,549 | 472,828,290 | 26,656,027
56,140,125,804 | 1,085,284,856 | 475,315,202 | 30,551,923
56,140,125,800 | 1,083,637,623 | 475,227,677 | 30,614,236
