Performance results for ./matrix/2.mtx | threads=2 | chunksize=100
L1-dcache-loads | L1-dcache-load-misses | LLC-loads | LLC-load-misses
2,935,371,848 | 28,560,703 | 520,925 | 123,313
2,935,636,876 | 36,244,799 | 757,112 | 100,756
2,935,637,341 | 36,153,240 | 540,549 | 103,919
2,935,388,147 | 28,607,358 | 421,488 | 122,015
2,935,636,673 | 36,220,196 | 710,584 | 100,914
2,935,637,503 | 36,273,868 | 501,104 | 104,849
2,935,371,725 | 28,606,023 | 363,360 | 122,892
2,935,377,152 | 28,705,415 | 539,214 | 119,223
2,935,638,319 | 36,224,413 | 536,924 | 101,334
2,935,372,646 | 28,619,190 | 367,447 | 123,104
