Performance results for ./matrix/5.mtx | threads=4 | chunksize=100
L1-dcache-loads | L1-dcache-load-misses | LLC-loads | LLC-load-misses
134,358,471,556 | 415,038,742 | 30,429,998 | 21,455,452
134,358,466,072 | 416,096,323 | 30,536,483 | 21,869,517
134,358,205,506 | 414,358,965 | 31,007,021 | 21,877,663
134,358,482,374 | 415,257,157 | 30,730,296 | 21,866,898
134,358,470,073 | 415,509,711 | 30,726,439 | 21,802,770
134,358,476,162 | 416,961,627 | 30,914,642 | 22,178,603
134,358,468,731 | 415,959,035 | 31,072,380 | 22,192,452
134,358,469,432 | 417,557,860 | 30,964,873 | 21,943,915
134,358,483,617 | 409,311,353 | 32,202,949 | 23,274,547
134,358,470,175 | 425,013,245 | 30,387,021 | 21,430,163
