Performance results for ./matrix/4.mtx | threads=32 | chunksize=100
L1-dcache-loads | L1-dcache-load-misses | LLC-loads | LLC-load-misses
77,602,209,194 | 352,039,219 | 2,379,809 | 1,646,617
77,601,972,338 | 356,128,048 | 2,449,462 | 1,745,699
77,602,498,823 | 356,570,143 | 2,462,353 | 1,754,937
77,602,667,252 | 355,492,935 | 2,767,932 | 1,843,710
77,602,574,350 | 353,970,313 | 2,824,629 | 1,954,665
77,602,569,750 | 352,720,213 | 2,397,091 | 1,659,776
77,597,769,616 | 353,443,039 | 2,437,788 | 1,647,723
77,602,288,992 | 352,058,341 | 2,474,687 | 1,679,104
77,602,771,851 | 353,814,450 | 2,401,803 | 1,662,972
77,602,128,039 | 356,124,655 | 2,458,797 | 1,745,553
