Performance results for ./matrix/5.mtx | threads=8 | chunksize=1000
L1-dcache-loads | L1-dcache-load-misses | LLC-loads | LLC-load-misses
134,360,945,498 | 411,394,402 | 31,409,788 | 22,278,576
134,360,930,807 | 415,182,809 | 31,329,909 | 21,951,555
134,360,922,272 | 416,948,059 | 31,673,705 | 22,424,244
134,360,930,856 | 416,272,343 | 31,335,707 | 22,043,400
134,360,928,159 | 418,520,420 | 31,703,206 | 22,303,045
134,360,925,660 | 419,185,313 | 31,657,914 | 22,401,232
134,360,929,581 | 413,348,799 | 31,306,815 | 22,224,309
134,360,927,210 | 414,980,896 | 31,376,293 | 21,986,480
134,360,935,146 | 408,201,806 | 30,956,884 | 21,966,239
134,360,918,767 | 405,236,021 | 31,243,712 | 21,856,103
