Performance results for ./matrix/4.mtx | threads=4 | chunksize=100
L1-dcache-loads | L1-dcache-load-misses | LLC-loads | LLC-load-misses
77,576,989,555 | 352,874,032 | 2,220,226 | 1,606,224
77,576,989,060 | 353,767,212 | 2,231,642 | 1,612,361
77,576,991,474 | 351,153,410 | 2,241,208 | 1,595,763
77,576,987,249 | 351,983,587 | 2,310,443 | 1,597,047
77,576,988,650 | 355,544,699 | 2,212,482 | 1,606,336
77,576,993,515 | 351,380,357 | 2,241,907 | 1,597,260
77,576,989,953 | 353,176,315 | 2,255,036 | 1,599,672
77,576,988,457 | 352,820,862 | 2,246,932 | 1,598,794
77,576,988,403 | 354,731,351 | 2,243,385 | 1,616,240
77,576,988,148 | 351,735,750 | 2,305,147 | 1,605,389
