Performance results for ./matrix/4.mtx | threads=2 | chunksize=100
L1-dcache-loads | L1-dcache-load-misses | LLC-loads | LLC-load-misses
77,576,383,571 | 354,644,722 | 2,304,508 | 1,671,330
77,576,383,147 | 351,570,360 | 2,351,183 | 1,590,088
77,576,383,325 | 352,847,384 | 2,296,306 | 1,585,166
77,576,383,177 | 352,739,863 | 2,254,798 | 1,595,060
77,576,383,534 | 356,868,069 | 2,239,640 | 1,604,310
77,576,383,413 | 355,086,899 | 2,211,256 | 1,591,450
77,576,383,763 | 352,477,738 | 2,229,130 | 1,591,705
77,576,383,214 | 353,208,272 | 2,635,986 | 1,584,065
77,576,378,874 | 353,620,354 | 2,238,303 | 1,588,557
77,576,382,628 | 355,537,342 | 2,351,110 | 1,685,088
