Performance results for ./matrix/5.mtx | threads=8 | chunksize=100
L1-dcache-loads | L1-dcache-load-misses | LLC-loads | LLC-load-misses
134,360,932,832 | 412,772,135 | 31,210,052 | 21,859,080
134,360,930,367 | 410,766,853 | 31,204,541 | 22,112,390
134,360,934,930 | 413,293,554 | 31,391,223 | 22,102,073
134,360,922,971 | 409,326,060 | 31,626,998 | 22,248,781
134,360,931,239 | 417,520,867 | 31,424,219 | 21,998,418
134,360,935,559 | 404,484,953 | 31,155,776 | 21,796,322
134,360,940,884 | 412,291,633 | 31,370,248 | 22,165,303
134,360,934,912 | 416,464,686 | 31,352,427 | 22,137,897
134,360,936,928 | 421,101,348 | 31,494,413 | 22,317,371
134,360,934,917 | 415,343,511 | 31,292,632 | 22,189,975
