Performance results for ./matrix/4.mtx | threads=16 | chunksize=1000
L1-dcache-loads | L1-dcache-load-misses | LLC-loads | LLC-load-misses
77,580,887,733 | 350,816,184 | 2,329,886 | 1,630,694
77,580,911,850 | 350,762,590 | 2,366,998 | 1,613,861
77,580,898,862 | 350,495,387 | 2,517,839 | 1,624,092
77,580,866,516 | 352,586,412 | 2,350,887 | 1,706,488
77,580,938,289 | 352,305,002 | 2,356,052 | 1,622,405
77,580,866,925 | 358,008,295 | 2,422,128 | 1,718,508
77,580,884,687 | 355,675,117 | 2,274,010 | 1,632,915
77,580,866,066 | 352,115,343 | 2,375,991 | 1,628,387
77,580,910,892 | 351,718,681 | 2,448,488 | 1,688,644
77,580,891,128 | 354,785,059 | 2,319,021 | 1,659,580
