Performance results for ./matrix/1.mtx | threads=4 | chunksize=100
L1-dcache-loads | L1-dcache-load-misses | LLC-loads | LLC-load-misses
596,642,745 | 6,363,358 | 130,319 | 28,093
596,522,335 | 5,736,514 | 172,797 | 26,570
596,531,867 | 5,742,194 | 111,879 | 30,211
596,521,527 | 5,766,487 | 234,485 | 27,681
596,516,578 | 5,750,553 | 127,772 | 28,640
596,624,498 | 6,373,702 | 120,236 | 29,066
596,630,425 | 6,383,654 | 119,606 | 28,610
596,629,489 | 6,369,276 | 127,750 | 30,224
596,519,402 | 5,741,638 | 140,292 | 27,845
596,633,310 | 6,370,735 | 118,230 | 29,160
