Performance results for ./matrix/3.mtx | threads=1 | chunksize=1
L1-dcache-loads | L1-dcache-load-misses | LLC-loads | LLC-load-misses
56,140,125,750 | 1,029,836,587 | 472,638,750 | 26,067,493
56,140,125,777 | 1,085,268,473 | 475,443,607 | 30,616,511
56,140,125,837 | 1,083,854,552 | 475,333,253 | 30,441,732
56,140,125,755 | 1,030,691,897 | 472,847,573 | 30,571,987
56,140,125,748 | 1,029,502,661 | 472,609,744 | 29,365,678
56,140,125,803 | 1,085,235,735 | 475,745,747 | 30,729,548
56,140,125,773 | 1,083,402,086 | 475,432,197 | 30,267,616
56,140,125,761 | 1,031,673,183 | 472,694,750 | 29,890,591
56,140,125,750 | 1,030,790,733 | 472,746,371 | 27,758,685
56,140,125,789 | 1,084,053,752 | 475,500,988 | 30,281,379
