Performance results for ./matrix/4.mtx | threads=2 | chunksize=1
L1-dcache-loads | L1-dcache-load-misses | LLC-loads | LLC-load-misses
77,576,383,295 | 352,510,066 | 2,244,414 | 1,590,473
77,576,383,157 | 354,452,802 | 2,204,572 | 1,601,091
77,576,383,840 | 353,956,236 | 2,517,745 | 1,590,949
77,576,383,772 | 357,496,064 | 2,324,986 | 1,679,478
77,576,383,601 | 354,835,539 | 2,316,512 | 1,689,224
77,576,383,881 | 352,597,000 | 2,268,256 | 1,584,757
77,576,383,555 | 352,294,770 | 2,252,159 | 1,576,133
77,576,383,185 | 354,931,411 | 2,214,077 | 1,591,176
77,576,383,126 | 353,953,710 | 2,238,561 | 1,590,927
77,576,383,817 | 352,841,544 | 2,264,602 | 1,580,479
