Performance results for ./matrix/2.mtx | threads=16 | chunksize=100
L1-dcache-loads | L1-dcache-load-misses | LLC-loads | LLC-load-misses
2,936,099,594 | 28,631,888 | 988,222 | 129,368
2,940,056,324 | 36,214,564 | 874,633 | 110,316
2,935,949,106 | 28,566,355 | 866,430 | 129,813
2,936,663,420 | 28,585,864 | 873,730 | 128,238
2,936,035,060 | 28,559,184 | 973,538 | 124,635
2,935,986,893 | 28,571,404 | 772,749 | 123,211
2,936,183,602 | 28,625,776 | 645,728 | 131,378
2,935,972,595 | 28,626,106 | 586,081 | 130,817
2,936,247,170 | 28,592,095 | 962,249 | 135,315
2,939,940,263 | 36,204,248 | 707,271 | 104,211
