Performance results for ./matrix/1.mtx | threads=64 | chunksize=1000
L1-dcache-loads | L1-dcache-load-misses | LLC-loads | LLC-load-misses
604,602,330 | 6,387,662 | 272,278 | 34,065
631,625,681 | 6,392,292 | 231,014 | 34,738
617,929,728 | 6,409,700 | 244,542 | 32,971
605,430,156 | 6,389,699 | 265,310 | 36,516
630,408,227 | 6,403,399 | 243,836 | 33,506
612,880,081 | 5,761,863 | 313,496 | 32,758
615,471,763 | 5,775,989 | 393,412 | 28,013
629,457,184 | 5,765,947 | 221,986 | 28,288
628,994,307 | 5,763,069 | 409,174 | 24,737
627,277,049 | 6,385,086 | 243,477 | 36,937
