Performance results for ./matrix/5.mtx | threads=1 | chunksize=1
L1-dcache-loads | L1-dcache-load-misses | LLC-loads | LLC-load-misses
134,356,661,388 | 413,430,504 | 30,888,163 | 21,503,954
134,356,661,588 | 418,446,734 | 30,497,785 | 21,636,796
134,356,661,752 | 418,913,082 | 30,380,904 | 21,518,018
134,356,662,079 | 423,020,677 | 30,304,676 | 21,644,998
134,356,661,340 | 415,973,271 | 30,597,353 | 21,596,316
134,356,660,503 | 419,636,366 | 30,660,771 | 21,915,890
134,356,660,976 | 411,624,521 | 30,439,347 | 21,528,586
134,356,662,077 | 418,101,461 | 30,724,066 | 21,824,501
134,356,661,597 | 417,337,995 | 30,776,646 | 21,558,210
134,356,661,374 | 423,836,815 | 30,382,570 | 21,576,191
