Performance results for ./matrix/4.mtx | threads=4 | chunksize=1
L1-dcache-loads | L1-dcache-load-misses | LLC-loads | LLC-load-misses
77,576,995,940 | 357,443,684 | 2,317,018 | 1,683,884
77,576,994,457 | 353,325,776 | 2,256,955 | 1,596,132
77,576,997,301 | 350,658,096 | 2,271,242 | 1,602,165
77,576,988,758 | 351,475,971 | 2,500,574 | 1,602,220
77,576,988,748 | 356,501,606 | 2,253,935 | 1,635,154
77,576,988,722 | 354,972,945 | 2,248,761 | 1,606,861
77,577,889,236 | 355,237,308 | 2,490,374 | 1,802,878
77,576,996,541 | 354,686,457 | 2,331,838 | 1,689,350
77,576,991,941 | 352,193,584 | 2,208,831 | 1,594,540
77,576,997,225 | 351,970,264 | 2,217,959 | 1,599,590
