Performance results for ./matrix/1.mtx | threads=16 | chunksize=1000
L1-dcache-loads | L1-dcache-load-misses | LLC-loads | LLC-load-misses
597,075,774 | 5,749,854 | 240,995 | 32,780
597,058,828 | 5,751,117 | 224,807 | 47,443
597,013,297 | 5,752,598 | 222,354 | 25,767
597,676,621 | 6,398,800 | 175,968 | 30,343
597,709,368 | 6,365,512 | 208,108 | 29,903
597,530,007 | 6,379,262 | 194,372 | 28,204
597,547,697 | 6,369,963 | 198,827 | 33,325
597,535,252 | 6,374,188 | 186,154 | 32,450
597,770,735 | 6,377,912 | 191,681 | 32,740
597,667,683 | 6,375,516 | 217,282 | 32,609
