Performance results for ./matrix/1.mtx | threads=32 | chunksize=1
L1-dcache-loads | L1-dcache-load-misses | LLC-loads | LLC-load-misses
597,749,700 | 5,783,712 | 726,381 | 32,923
599,861,350 | 6,380,035 | 274,219 | 32,472
597,822,264 | 5,773,417 | 280,940 | 34,641
597,954,281 | 5,763,941 | 385,525 | 32,327
598,155,771 | 5,762,658 | 370,896 | 25,709
599,164,230 | 6,399,301 | 263,326 | 34,866
598,322,810 | 5,757,740 | 251,489 | 31,775
599,617,350 | 5,758,254 | 624,903 | 30,326
597,761,586 | 5,787,411 | 572,234 | 32,912
597,887,434 | 5,761,931 | 595,366 | 33,453
