Performance results for ./matrix/4.mtx | threads=64 | chunksize=100
L1-dcache-loads | L1-dcache-load-misses | LLC-loads | LLC-load-misses
77,628,220,656 | 354,972,393 | 2,388,385 | 1,721,031
77,628,635,702 | 357,246,069 | 2,426,789 | 1,702,982
77,628,363,127 | 354,195,886 | 2,427,181 | 1,693,968
77,624,225,017 | 353,163,204 | 2,418,767 | 1,656,475
77,620,238,273 | 351,811,095 | 2,439,712 | 1,673,309
77,631,124,631 | 354,157,621 | 3,045,829 | 2,103,770
77,625,406,336 | 351,971,382 | 2,464,083 | 1,681,299
77,621,329,241 | 352,824,705 | 2,479,023 | 1,687,494
77,620,635,835 | 351,499,888 | 2,491,098 | 1,692,119
77,623,666,830 | 351,935,356 | 2,431,868 | 1,695,398
