Performance results for ./matrix/1.mtx | threads=2 | chunksize=100
L1-dcache-loads | L1-dcache-load-misses | LLC-loads | LLC-load-misses
596,499,893 | 6,374,350 | 118,463 | 25,179
596,468,196 | 5,759,432 | 89,673 | 23,571
596,501,131 | 6,386,227 | 93,073 | 26,902
596,466,128 | 5,746,417 | 144,343 | 22,856
596,499,736 | 6,353,403 | 113,367 | 24,251
596,509,087 | 6,352,732 | 115,625 | 24,844
596,468,735 | 5,748,599 | 103,580 | 26,194
596,507,744 | 6,360,471 | 105,886 | 23,972
596,509,827 | 6,367,482 | 97,156 | 23,378
596,515,127 | 6,354,056 | 125,248 | 23,048
