Performance results for ./matrix/1.mtx | threads=8 | chunksize=1000
L1-dcache-loads | L1-dcache-load-misses | LLC-loads | LLC-load-misses
597,011,652 | 6,383,221 | 148,530 | 36,792
596,657,857 | 5,750,733 | 139,092 | 28,213
596,664,622 | 5,746,172 | 151,226 | 30,072
596,965,493 | 6,397,303 | 148,912 | 28,501
596,669,194 | 5,752,851 | 430,385 | 29,826
596,683,388 | 5,759,093 | 435,278 | 28,771
596,905,874 | 6,381,815 | 144,616 | 28,862
596,708,089 | 5,749,283 | 166,554 | 34,961
596,953,078 | 6,377,804 | 142,235 | 34,995
596,707,707 | 5,751,277 | 197,907 | 29,296
