Performance results for ./matrix/2.mtx | threads=32 | chunksize=1
L1-dcache-loads | L1-dcache-load-misses | LLC-loads | LLC-load-misses
2,938,053,955 | 28,630,785 | 827,594 | 134,805
2,937,242,420 | 28,570,788 | 587,514 | 130,879
2,945,450,507 | 36,290,418 | 782,872 | 112,975
2,937,789,186 | 28,655,603 | 533,885 | 128,921
2,938,102,718 | 28,643,113 | 560,513 | 129,357
2,937,124,306 | 28,614,432 | 543,424 | 131,516
2,937,654,169 | 28,603,438 | 585,406 | 129,053
2,945,545,922 | 36,212,038 | 889,502 | 111,127
2,945,791,654 | 36,240,637 | 770,311 | 113,666
2,937,913,932 | 28,579,617 | 980,957 | 126,135
