Performance results for ./matrix/5.mtx | threads=4 | chunksize=1000
L1-dcache-loads | L1-dcache-load-misses | LLC-loads | LLC-load-misses
134,358,472,067 | 421,044,899 | 30,555,510 | 21,631,917
134,358,476,862 | 407,985,361 | 31,462,298 | 22,430,593
134,358,471,698 | 416,030,711 | 30,416,417 | 21,477,496
134,358,471,111 | 417,029,552 | 30,777,170 | 21,393,712
134,358,471,367 | 415,316,635 | 30,460,841 | 21,442,919
134,358,470,419 | 420,067,886 | 30,195,557 | 21,518,756
134,358,471,491 | 416,619,708 | 30,455,333 | 21,547,651
134,358,472,015 | 414,978,470 | 30,542,167 | 21,430,377
134,358,471,095 | 415,471,132 | 30,387,377 | 21,503,593
134,358,477,367 | 420,354,842 | 30,393,489 | 21,507,954
