Performance results for ./matrix/5.mtx | threads=1 | chunksize=1000
L1-dcache-loads | L1-dcache-load-misses | LLC-loads | LLC-load-misses
134,356,661,681 | 415,875,686 | 30,712,398 | 21,543,252
134,356,661,732 | 411,429,640 | 30,328,803 | 21,450,726
134,356,662,150 | 420,392,237 | 30,516,847 | 21,879,697
134,356,661,710 | 417,365,037 | 30,345,147 | 21,469,544
134,356,662,217 | 410,326,533 | 30,347,481 | 21,557,502
134,356,662,127 | 412,852,511 | 30,213,909 | 21,558,907
134,356,661,547 | 410,779,730 | 30,428,795 | 21,427,947
134,356,661,869 | 421,785,589 | 30,513,345 | 21,338,208
134,356,661,032 | 417,082,763 | 30,766,429 | 21,720,980
134,356,661,756 | 413,788,307 | 30,569,882 | 21,465,901
