Performance results for ./matrix/4.mtx | threads=32 | chunksize=1000
L1-dcache-loads | L1-dcache-load-misses | LLC-loads | LLC-load-misses
77,602,491,283 | 356,924,096 | 2,962,244 | 1,943,406
77,600,378,776 | 356,380,681 | 2,385,618 | 1,667,526
77,601,862,186 | 354,900,366 | 2,399,082 | 1,651,674
77,602,704,016 | 352,953,337 | 2,420,577 | 1,639,118
77,602,764,552 | 354,517,110 | 3,025,216 | 2,032,904
77,602,538,682 | 354,672,433 | 2,477,269 | 1,781,671
77,599,314,344 | 355,651,597 | 2,371,273 | 1,649,893
77,602,559,792 | 352,810,985 | 2,457,815 | 1,668,103
77,602,871,528 | 355,398,891 | 2,384,067 | 1,673,146
77,603,099,508 | 353,368,575 | 2,443,834 | 1,652,553
