Performance results for ./matrix/1.mtx | threads=8 | chunksize=100
L1-dcache-loads | L1-dcache-load-misses | LLC-loads | LLC-load-misses
596,897,137 | 6,376,285 | 138,502 | 28,345
596,913,789 | 6,368,540 | 159,664 | 33,822
596,918,574 | 6,386,346 | 148,944 | 26,778
596,645,679 | 5,746,750 | 256,401 | 29,184
596,884,317 | 6,390,250 | 132,294 | 33,535
596,654,676 | 5,754,877 | 236,416 | 33,767
596,645,101 | 5,752,381 | 131,273 | 29,130
596,941,652 | 6,374,607 | 156,964 | 29,097
596,921,917 | 6,375,669 | 137,967 | 29,919
596,646,070 | 5,782,693 | 147,026 | 27,541
