Performance results for ./matrix/5.mtx | threads=64 | chunksize=100
L1-dcache-loads | L1-dcache-load-misses | LLC-loads | LLC-load-misses
134,412,141,838 | 415,710,463 | 33,094,002 | 22,460,939
134,412,065,344 | 416,750,282 | 32,870,005 | 22,285,376
134,412,169,585 | 411,722,347 | 32,967,390 | 22,750,397
134,408,648,614 | 412,085,189 | 33,713,544 | 22,971,713
134,406,481,145 | 413,374,705 | 32,538,969 | 22,038,860
134,406,399,256 | 405,668,316 | 32,634,845 | 21,749,422
134,412,253,947 | 416,710,291 | 32,897,956 | 23,540,449
134,411,863,897 | 411,595,078 | 32,869,057 | 22,385,333
134,411,743,577 | 418,582,560 | 33,342,915 | 22,118,548
134,406,550,585 | 413,477,793 | 33,299,966 | 23,309,354
