Performance results for ./matrix/5.mtx | threads=32 | chunksize=1000
L1-dcache-loads | L1-dcache-load-misses | LLC-loads | LLC-load-misses
134,383,156,556 | 425,351,813 | 33,087,830 | 22,986,062
134,383,184,324 | 411,216,219 | 33,189,178 | 22,807,001
134,383,467,112 | 416,531,259 | 32,722,345 | 22,906,436
134,383,189,776 | 412,665,866 | 33,027,217 | 22,950,117
134,383,340,928 | 414,708,698 | 32,550,153 | 23,065,786
134,383,561,195 | 410,061,721 | 32,828,602 | 22,737,094
134,383,499,714 | 412,861,432 | 32,791,134 | 22,527,126
134,383,030,457 | 411,434,658 | 33,207,556 | 23,277,597
134,383,632,861 | 416,595,793 | 33,001,827 | 23,071,740
134,383,426,021 | 419,300,603 | 32,781,010 | 23,088,338
