Performance results for ./matrix/1.mtx | threads=32 | chunksize=100
L1-dcache-loads | L1-dcache-load-misses | LLC-loads | LLC-load-misses
598,216,206 | 5,767,119 | 420,102 | 36,023
597,968,252 | 5,764,278 | 462,848 | 32,569
598,339,923 | 5,754,143 | 500,278 | 30,553
598,249,957 | 5,756,771 | 373,397 | 34,580
599,217,015 | 6,372,562 | 244,896 | 35,777
597,811,857 | 5,757,526 | 413,917 | 33,958
599,217,715 | 6,374,809 | 246,426 | 35,176
599,049,736 | 6,363,628 | 258,002 | 33,626
598,915,229 | 6,404,485 | 286,972 | 33,059
599,328,530 | 6,394,246 | 265,560 | 33,479
