Performance results for ./matrix/1.mtx | threads=1 | chunksize=1000
L1-dcache-loads | L1-dcache-load-misses | LLC-loads | LLC-load-misses
596,430,286 | 6,348,307 | 80,678 | 8,433
596,430,282 | 5,750,520 | 162,249 | 8,838
596,430,284 | 5,732,749 | 171,834 | 8,339
596,430,290 | 5,748,530 | 161,214 | 10,593
596,430,289 | 6,359,795 | 74,259 | 9,211
596,430,295 | 6,345,256 | 74,156 | 7,675
596,430,283 | 6,351,516 | 84,209 | 7,154
596,430,289 | 6,331,069 | 74,597 | 8,528
596,430,289 | 5,744,482 | 154,327 | 11,393
596,430,289 | 6,358,123 | 78,083 | 9,736
