Performance results for ./matrix/1.mtx | threads=16 | chunksize=1
L1-dcache-loads | L1-dcache-load-misses | LLC-loads | LLC-load-misses
597,204,195 | 5,760,443 | 285,121 | 33,982
602,080,717 | 5,751,039 | 330,469 | 32,264
596,967,455 | 5,766,866 | 338,405 | 33,353
597,068,493 | 5,747,127 | 348,431 | 33,375
597,822,357 | 6,367,595 | 197,386 | 27,745
597,012,454 | 5,750,866 | 268,116 | 32,127
597,436,791 | 6,383,895 | 187,274 | 27,132
596,887,717 | 5,757,479 | 418,658 | 31,738
597,033,597 | 5,761,516 | 223,842 | 27,391
597,479,768 | 6,393,986 | 181,490 | 29,343
