Performance results for ./matrix/5.mtx | threads=2 | chunksize=100
L1-dcache-loads | L1-dcache-load-misses | LLC-loads | LLC-load-misses
134,357,268,424 | 414,500,407 | 30,407,169 | 21,583,754
134,357,267,902 | 418,977,458 | 30,461,646 | 21,552,736
134,357,268,076 | 418,766,804 | 30,626,072 | 21,966,345
134,357,268,498 | 418,408,103 | 30,111,717 | 21,468,710
134,357,267,485 | 417,271,292 | 30,340,201 | 21,515,167
134,357,268,425 | 414,880,894 | 30,254,484 | 21,505,885
134,357,267,633 | 415,677,891 | 30,362,092 | 21,405,964
134,357,267,595 | 417,417,871 | 30,298,298 | 21,449,539
134,357,268,288 | 422,846,665 | 30,472,835 | 21,627,522
134,357,268,358 | 410,920,996 | 30,451,694 | 21,513,854
