Performance results for ./matrix/5.mtx | threads=2 | chunksize=1000
L1-dcache-loads | L1-dcache-load-misses | LLC-loads | LLC-load-misses
134,357,267,999 | 419,622,385 | 30,802,861 | 21,909,183
134,357,267,560 | 423,958,607 | 30,561,942 | 21,649,975
134,357,267,878 | 416,536,697 | 30,487,537 | 21,359,566
134,357,268,442 | 414,965,012 | 30,243,006 | 21,433,158
134,357,267,309 | 419,274,071 | 30,520,534 | 21,491,784
134,357,267,109 | 417,159,836 | 30,338,778 | 21,558,442
134,357,266,146 | 418,404,375 | 30,441,542 | 21,523,664
134,357,268,050 | 414,678,276 | 30,394,754 | 21,453,986
134,357,268,281 | 407,948,925 | 30,532,978 | 21,402,241
134,357,267,220 | 421,462,063 | 30,750,671 | 21,773,921
