Performance results for ./matrix/5.mtx | threads=8 | chunksize=1
L1-dcache-loads | L1-dcache-load-misses | LLC-loads | LLC-load-misses
134,360,933,694 | 414,158,830 | 31,246,897 | 22,311,451
134,360,938,143 | 416,245,294 | 31,569,403 | 22,407,474
134,360,921,241 | 413,044,994 | 31,348,277 | 22,088,373
134,360,934,448 | 413,945,873 | 31,325,049 | 22,048,534
134,360,928,973 | 414,181,164 | 31,562,734 | 22,405,420
134,360,928,638 | 413,822,481 | 31,487,501 | 22,081,184
134,360,930,561 | 417,482,669 | 31,552,257 | 22,432,346
134,360,927,081 | 406,071,192 | 31,744,149 | 22,308,293
134,360,939,595 | 406,597,399 | 31,693,110 | 22,368,080
134,360,928,152 | 411,523,238 | 31,438,517 | 22,280,870
