Performance results for ./matrix/5.mtx | threads=64 | chunksize=1
L1-dcache-loads | L1-dcache-load-misses | LLC-loads | LLC-load-misses
134,406,597,610 | 412,594,548 | 33,212,233 | 22,428,849
134,412,135,389 | 408,544,634 | 33,283,338 | 22,026,491
134,406,430,763 | 416,431,520 | 33,110,579 | 22,810,224
134,406,595,925 | 414,462,437 | 32,737,918 | 21,617,654
134,411,889,974 | 409,763,196 | 32,801,029 | 22,810,573
134,412,053,684 | 410,336,066 | 33,321,489 | 22,824,119
134,412,142,520 | 415,979,377 | 33,198,565 | 22,767,354
134,411,807,519 | 414,227,696 | 32,937,435 | 22,214,136
134,406,689,801 | 415,955,353 | 33,011,778 | 22,367,608
134,412,285,800 | 423,639,442 | 33,262,810 | 23,365,849
