Performance results for ./matrix/5.mtx | threads=32 | chunksize=100
L1-dcache-loads | L1-dcache-load-misses | LLC-loads | LLC-load-misses
134,383,298,403 | 420,755,005 | 33,055,462 | 23,191,426
134,383,222,660 | 405,344,552 | 32,842,881 | 22,367,566
134,383,292,773 | 417,881,208 | 32,780,785 | 22,935,458
134,383,335,176 | 417,461,044 | 33,531,449 | 23,351,498
134,383,593,628 | 418,763,059 | 33,234,875 | 23,313,250
134,382,995,569 | 413,304,748 | 33,171,966 | 22,918,832
134,383,175,701 | 414,405,953 | 33,204,250 | 23,151,128
134,383,017,415 | 415,323,509 | 32,805,025 | 22,906,295
134,382,999,473 | 420,838,553 | 33,247,326 | 23,493,501
134,383,177,670 | 413,362,601 | 33,389,785 | 22,731,995
