Performance results for ./matrix/4.mtx | threads=16 | chunksize=1
L1-dcache-loads | L1-dcache-load-misses | LLC-loads | LLC-load-misses
77,580,877,312 | 352,776,890 | 2,328,226 | 1,623,583
77,580,839,641 | 352,140,824 | 2,350,959 | 1,616,119
77,580,850,529 | 351,979,104 | 2,378,504 | 1,615,502
77,580,816,405 | 353,635,083 | 2,369,357 | 1,619,235
77,580,852,416 | 358,707,238 | 2,396,462 | 1,725,852
77,580,860,930 | 352,684,170 | 2,512,177 | 1,631,474
77,580,873,019 | 357,826,639 | 2,348,975 | 1,695,157
77,580,878,838 | 355,514,624 | 2,320,653 | 1,644,716
77,580,878,311 | 355,647,778 | 2,410,422 | 1,743,498
77,580,850,939 | 352,171,951 | 2,314,102 | 1,641,631
