Performance results for ./matrix/4.mtx | threads=2 | chunksize=1000
L1-dcache-loads | L1-dcache-load-misses | LLC-loads | LLC-load-misses
77,576,384,489 | 358,788,192 | 2,323,476 | 1,671,362
77,576,382,637 | 351,930,984 | 2,279,684 | 1,581,777
77,576,383,370 | 356,552,445 | 2,318,294 | 1,680,236
77,576,383,902 | 352,119,268 | 2,366,734 | 1,572,263
77,576,385,537 | 354,332,294 | 2,246,705 | 1,600,662
77,576,385,991 | 353,862,781 | 2,267,633 | 1,601,900
77,576,388,280 | 352,664,181 | 2,268,357 | 1,591,230
77,576,383,613 | 350,375,238 | 2,292,088 | 1,583,292
77,576,382,436 | 358,399,841 | 2,228,033 | 1,620,231
77,576,383,530 | 357,347,933 | 2,222,182 | 1,598,552
