Performance results for ./matrix/4.mtx | threads=4 | chunksize=1000
L1-dcache-loads | L1-dcache-load-misses | LLC-loads | LLC-load-misses
77,576,996,869 | 351,676,375 | 2,400,317 | 1,594,996
77,576,994,917 | 351,781,069 | 2,251,638 | 1,599,016
77,576,998,355 | 354,680,126 | 2,493,264 | 1,588,807
77,577,002,559 | 351,893,858 | 2,256,845 | 1,593,976
77,576,989,282 | 357,767,688 | 2,335,618 | 1,687,392
77,577,004,212 | 352,570,335 | 2,371,428 | 1,598,403
77,576,994,245 | 353,006,741 | 2,332,574 | 1,597,661
77,576,996,349 | 351,619,152 | 2,338,539 | 1,601,645
77,576,998,732 | 355,458,118 | 2,277,861 | 1,641,612
77,577,537,340 | 353,751,150 | 2,253,583 | 1,610,499
