Performance results for ./matrix/2.mtx | threads=8 | chunksize=1
L1-dcache-loads | L1-dcache-load-misses | LLC-loads | LLC-load-misses
2,937,464,009 | 36,174,102 | 641,267 | 106,775
2,937,463,478 | 36,104,971 | 599,317 | 106,072
2,935,709,345 | 28,622,139 | 482,278 | 124,466
2,937,455,213 | 36,231,576 | 683,447 | 105,199
2,937,453,861 | 36,255,987 | 631,861 | 104,799
2,937,458,749 | 36,224,943 | 697,551 | 106,794
2,935,726,635 | 28,656,944 | 393,688 | 130,440
2,937,454,000 | 36,154,436 | 675,035 | 103,851
2,937,452,707 | 36,178,381 | 653,937 | 105,761
2,937,453,736 | 36,192,717 | 730,500 | 101,629
