Performance results for ./matrix/4.mtx | threads=32 | chunksize=1
L1-dcache-loads | L1-dcache-load-misses | LLC-loads | LLC-load-misses
77,602,638,060 | 355,805,725 | 2,530,460 | 1,777,255
77,598,346,333 | 352,275,044 | 2,521,243 | 1,652,776
77,602,769,027 | 357,892,301 | 2,452,265 | 1,710,755
77,600,969,225 | 353,609,219 | 2,330,664 | 1,678,263
77,602,374,344 | 352,424,432 | 2,453,193 | 1,651,291
77,602,837,304 | 352,587,319 | 2,528,069 | 1,651,210
77,602,532,038 | 351,966,388 | 2,392,713 | 1,648,262
77,602,203,040 | 353,386,346 | 2,417,974 | 1,670,223
77,586,385,489 | 353,050,655 | 2,403,222 | 1,659,142
77,602,734,244 | 354,000,316 | 2,474,250 | 1,681,529
