Performance results for ./matrix/2.mtx | threads=1 | chunksize=1
L1-dcache-loads | L1-dcache-load-misses | LLC-loads | LLC-load-misses
2,935,329,016 | 36,225,898 | 695,234 | 82,907
2,935,329,016 | 36,275,471 | 660,258 | 80,336
2,935,329,013 | 36,174,936 | 677,271 | 87,686
2,935,329,016 | 28,637,157 | 629,879 | 112,627
2,935,329,024 | 36,223,608 | 533,987 | 88,250
2,935,329,021 | 28,572,024 | 519,785 | 113,426
2,935,329,016 | 36,258,299 | 582,319 | 89,089
2,935,329,014 | 28,557,198 | 563,497 | 106,985
2,935,329,026 | 36,296,021 | 614,144 | 89,429
2,935,329,016 | 28,570,502 | 410,952 | 107,725
