Performance results for ./matrix/4.mtx | threads=64 | chunksize=1
L1-dcache-loads | L1-dcache-load-misses | LLC-loads | LLC-load-misses
77,630,736,843 | 352,375,556 | 3,337,039 | 2,032,378
77,625,324,364 | 350,578,357 | 2,553,296 | 1,676,086
77,627,498,325 | 356,336,958 | 2,418,273 | 1,695,046
77,627,597,852 | 357,791,200 | 2,448,225 | 1,713,876
77,620,567,513 | 354,519,448 | 2,434,184 | 1,677,785
77,622,271,965 | 357,048,867 | 2,465,534 | 1,759,359
77,629,457,942 | 352,262,632 | 2,469,619 | 1,678,148
77,629,919,565 | 353,923,138 | 2,460,355 | 1,672,616
77,626,006,045 | 355,615,841 | 2,425,905 | 1,721,528
77,629,116,191 | 358,029,872 | 2,432,428 | 1,722,569
