Performance results for ./matrix/3.mtx | threads=2 | chunksize=100
L1-dcache-loads | L1-dcache-load-misses | LLC-loads | LLC-load-misses
56,140,486,597 | 1,028,692,438 | 473,424,566 | 28,379,885
56,140,434,296 | 1,029,663,962 | 473,716,556 | 27,327,653
56,140,465,407 | 1,030,170,118 | 473,297,097 | 26,654,591
56,140,734,728 | 1,085,698,537 | 476,044,350 | 29,621,805
56,140,733,861 | 1,087,729,908 | 475,837,394 | 29,205,562
56,140,530,637 | 1,030,835,321 | 473,365,613 | 26,816,575
56,140,733,867 | 1,086,695,976 | 476,062,800 | 29,507,136
56,140,734,044 | 1,085,507,272 | 475,721,212 | 29,340,775
56,140,733,661 | 1,084,814,341 | 475,891,510 | 29,393,814
56,140,733,707 | 1,085,910,442 | 475,874,899 | 29,006,141
