Performance results for ./matrix/1.mtx | threads=1 | chunksize=1
L1-dcache-loads | L1-dcache-load-misses | LLC-loads | LLC-load-misses
596,430,288 | 5,743,237 | 199,483 | 10,537
596,430,288 | 5,745,265 | 168,932 | 9,079
596,430,296 | 5,746,462 | 259,297 | 7,959
596,430,294 | 5,751,562 | 149,875 | 9,380
596,430,288 | 6,378,843 | 101,677 | 11,081
596,430,288 | 5,746,620 | 80,745 | 10,460
596,430,295 | 6,382,528 | 81,698 | 10,602
596,430,287 | 6,346,396 | 90,364 | 8,950
596,430,295 | 6,363,741 | 93,676 | 8,670
596,430,296 | 6,347,618 | 96,948 | 8,781
