Performance results for ./matrix/4.mtx | threads=8 | chunksize=1000
L1-dcache-loads | L1-dcache-load-misses | LLC-loads | LLC-load-misses
77,578,263,410 | 359,618,165 | 2,373,069 | 1,703,893
77,578,259,124 | 353,714,961 | 2,324,064 | 1,665,530
77,580,356,351 | 353,988,194 | 2,658,098 | 1,872,673
77,578,287,939 | 353,846,722 | 2,233,618 | 1,602,404
77,578,271,281 | 357,358,151 | 2,278,671 | 1,633,924
77,578,264,975 | 351,736,593 | 2,266,842 | 1,603,496
77,578,267,559 | 352,593,751 | 2,288,800 | 1,600,578
77,578,265,113 | 357,919,736 | 2,274,630 | 1,611,048
77,578,252,710 | 355,390,654 | 2,266,914 | 1,598,474
77,578,290,072 | 353,695,935 | 2,267,626 | 1,605,864
