Performance results for ./matrix/2.mtx | threads=32 | chunksize=100
L1-dcache-loads | L1-dcache-load-misses | LLC-loads | LLC-load-misses
2,937,425,431 | 28,571,081 | 619,266 | 129,269
2,945,510,624 | 36,208,284 | 820,885 | 113,229
2,937,616,236 | 28,554,746 | 548,958 | 132,026
2,945,631,635 | 36,234,118 | 771,178 | 114,945
2,938,222,519 | 28,576,181 | 556,397 | 129,633
2,937,470,051 | 28,618,750 | 536,809 | 130,854
2,938,066,058 | 28,557,988 | 636,925 | 129,516
2,938,400,078 | 28,566,970 | 657,657 | 129,908
2,946,169,746 | 36,191,744 | 751,558 | 114,331
2,945,503,024 | 36,218,861 | 811,111 | 110,928
