Performance results for ./matrix/2.mtx | threads=8 | chunksize=100
L1-dcache-loads | L1-dcache-load-misses | LLC-loads | LLC-load-misses
2,937,487,600 | 36,249,835 | 595,808 | 112,518
2,937,525,857 | 36,389,163 | 828,577 | 109,517
2,937,552,783 | 36,242,753 | 673,780 | 112,814
2,937,542,339 | 36,305,213 | 555,066 | 112,143
2,937,526,314 | 36,261,866 | 599,688 | 113,677
2,937,518,102 | 36,256,596 | 562,724 | 108,911
2,937,518,855 | 36,220,984 | 562,125 | 111,251
2,937,511,626 | 36,288,395 | 587,507 | 111,681
2,937,514,813 | 36,222,031 | 636,154 | 113,152
2,937,510,128 | 36,243,479 | 663,197 | 108,145
