Performance results for ./matrix/4.mtx | threads=8 | chunksize=1
L1-dcache-loads | L1-dcache-load-misses | LLC-loads | LLC-load-misses
77,611,574,155 | 458,784,166 | 22,351,425 | 6,699,761
77,613,373,803 | 455,644,220 | 23,163,172 | 10,784,708
77,613,720,085 | 454,823,462 | 23,109,724 | 11,754,837
77,613,688,675 | 458,960,207 | 23,815,783 | 15,455,688
77,613,675,238 | 456,663,281 | 22,868,278 | 10,825,427
77,613,694,194 | 459,359,155 | 23,318,095 | 14,685,895
77,613,670,905 | 457,116,139 | 23,625,135 | 14,946,051
77,613,669,780 | 456,557,634 | 23,618,429 | 14,865,841
77,613,672,354 | 454,465,370 | 23,206,817 | 13,499,008
77,613,672,290 | 458,885,616 | 23,001,037 | 10,267,078
