Performance results for ./matrix/2.mtx | threads=32 | chunksize=1000
L1-dcache-loads | L1-dcache-load-misses | LLC-loads | LLC-load-misses
2,945,879,863 | 36,321,290 | 690,032 | 111,010
2,943,939,011 | 32,212,042 | 599,574 | 103,087
2,945,860,765 | 36,228,839 | 909,012 | 106,882
2,945,882,256 | 36,210,518 | 776,520 | 106,435
2,943,269,215 | 32,149,477 | 629,864 | 108,448
2,945,753,869 | 36,251,967 | 676,534 | 107,433
2,945,879,026 | 36,203,187 | 738,901 | 109,820
2,943,922,679 | 32,288,798 | 653,723 | 100,161
2,945,872,861 | 36,247,864 | 975,826 | 108,987
2,943,546,250 | 32,139,932 | 721,236 | 102,099
