Performance results for ./matrix/2.mtx | threads=2 | chunksize=1000
L1-dcache-loads | L1-dcache-load-misses | LLC-loads | LLC-load-misses
2,935,645,091 | 36,200,941 | 650,331 | 86,073
2,935,665,201 | 36,378,010 | 668,172 | 99,308
2,935,647,363 | 36,274,947 | 578,491 | 84,943
2,935,543,932 | 31,664,115 | 406,125 | 75,724
2,935,526,975 | 31,499,327 | 376,704 | 87,899
2,935,545,221 | 31,574,510 | 404,363 | 77,714
2,935,647,056 | 36,247,036 | 499,014 | 87,033
2,935,533,682 | 31,274,363 | 455,054 | 79,842
2,935,642,715 | 36,270,552 | 673,834 | 82,983
2,935,640,987 | 36,259,308 | 594,614 | 82,240
