Performance results for ./matrix/5.mtx | threads=2 | chunksize=1000
L1-dcache-loads | L1-dcache-load-misses | LLC-loads | LLC-load-misses
134,357,765,893 | 411,134,185 | 32,671,887 | 18,608,999
134,357,467,293 | 411,302,795 | 32,055,339 | 18,961,843
134,357,766,064 | 415,377,018 | 31,931,929 | 17,906,983
134,357,766,034 | 407,226,315 | 32,335,233 | 18,179,893
134,357,765,522 | 407,864,354 | 32,296,121 | 18,317,315
134,357,765,583 | 405,351,432 | 32,709,286 | 18,784,443
134,357,765,762 | 407,037,333 | 32,074,289 | 18,047,988
134,357,467,561 | 409,164,296 | 31,830,490 | 18,913,614
134,357,766,113 | 422,697,905 | 30,877,631 | 17,715,501
134,357,467,083 | 410,635,205 | 31,626,880 | 18,511,482
