Performance results for ./matrix/5.mtx | threads=64 | chunksize=1000
L1-dcache-loads | L1-dcache-load-misses | LLC-loads | LLC-load-misses
134,407,993,865 | 406,204,872 | 35,525,544 | 19,507,871
134,410,451,247 | 406,444,550 | 34,687,992 | 19,193,383
134,408,761,399 | 402,854,883 | 35,216,152 | 19,540,902
134,398,031,730 | 403,460,437 | 36,038,175 | 19,771,057
134,409,933,140 | 414,489,141 | 35,291,020 | 19,505,927
134,410,848,867 | 407,397,212 | 35,326,801 | 19,493,460
134,410,370,045 | 414,212,288 | 34,903,919 | 19,510,802
134,409,206,186 | 408,948,810 | 34,959,754 | 19,489,020
134,410,145,480 | 408,725,291 | 35,074,130 | 19,106,505
134,408,540,435 | 410,915,746 | 34,707,761 | 18,926,100
