Performance results for ./matrix/2.mtx | threads=4 | chunksize=100
L1-dcache-loads | L1-dcache-load-misses | LLC-loads | LLC-load-misses
2,936,319,028 | 36,274,680 | 568,203 | 104,672
2,936,335,080 | 36,241,421 | 528,470 | 105,157
2,936,269,871 | 36,198,819 | 734,493 | 105,042
2,936,282,952 | 36,242,426 | 610,731 | 102,755
2,935,963,002 | 31,234,332 | 486,745 | 100,622
2,936,253,175 | 36,281,823 | 616,689 | 108,010
2,936,249,313 | 36,209,452 | 569,683 | 107,416
2,936,263,774 | 36,265,204 | 562,868 | 108,077
2,936,248,248 | 36,341,573 | 665,156 | 105,144
2,936,287,519 | 36,208,318 | 612,292 | 118,828
