Performance results for ./matrix/4.mtx | threads=32 | chunksize=1
L1-dcache-loads | L1-dcache-load-misses | LLC-loads | LLC-load-misses
77,619,617,520 | 583,054,226 | 86,794,548 | 33,432,598
77,628,490,205 | 583,124,452 | 87,513,571 | 33,647,880
77,619,559,338 | 583,310,083 | 88,003,254 | 35,036,294
77,619,394,031 | 597,307,783 | 94,222,121 | 33,267,229
77,619,443,920 | 599,507,780 | 95,788,955 | 35,174,261
77,619,527,948 | 589,220,928 | 91,112,370 | 33,970,716
77,619,755,127 | 592,214,670 | 91,798,654 | 33,609,447
77,619,656,252 | 594,463,093 | 92,150,842 | 33,867,896
77,628,998,528 | 512,437,722 | 40,196,925 | 24,307,393
77,627,981,099 | 592,070,391 | 92,627,705 | 34,254,651
