Performance results for ./matrix/3.mtx | threads=64 | chunksize=1
L1-dcache-loads | L1-dcache-load-misses | LLC-loads | LLC-load-misses
56,200,421,523 | 1,094,820,626 | 483,764,519 | 52,520,368
56,201,079,434 | 1,086,910,280 | 483,618,927 | 51,468,127
56,200,613,625 | 1,093,040,712 | 483,643,411 | 52,158,470
56,200,602,739 | 1,087,963,769 | 483,719,296 | 50,605,186
56,200,233,847 | 1,085,706,461 | 483,646,787 | 52,618,472
56,200,815,528 | 1,088,961,905 | 483,254,107 | 50,584,961
56,201,055,528 | 1,088,022,688 | 483,495,124 | 52,561,655
56,201,201,881 | 1,093,629,179 | 483,910,991 | 50,839,963
56,200,571,468 | 1,090,340,705 | 483,631,936 | 52,080,585
56,200,615,012 | 1,085,803,226 | 483,339,505 | 51,076,181
