Performance results for ./matrix/4.mtx | threads=16 | chunksize=1
L1-dcache-loads | L1-dcache-load-misses | LLC-loads | LLC-load-misses
77,618,245,103 | 487,204,954 | 30,806,307 | 20,230,482
77,618,409,121 | 481,435,948 | 30,646,236 | 20,724,026
77,618,622,655 | 483,098,144 | 31,290,402 | 22,901,576
77,618,592,529 | 489,461,774 | 31,492,624 | 21,736,852
77,618,580,940 | 484,677,465 | 31,607,276 | 22,565,405
77,614,027,044 | 549,323,279 | 58,160,748 | 32,867,248
77,618,421,789 | 486,315,069 | 31,283,309 | 21,906,199
77,618,597,173 | 484,071,786 | 31,701,398 | 22,232,318
77,618,543,467 | 487,049,440 | 31,227,739 | 21,821,999
77,618,166,287 | 484,394,301 | 30,971,631 | 20,467,673
