Performance results for ./matrix/3.mtx | threads=1 | chunksize=1
L1-dcache-loads | L1-dcache-load-misses | LLC-loads | LLC-load-misses
56,148,515,916 | 1,032,725,899 | 473,174,719 | 53,791,288
56,148,516,075 | 1,078,659,564 | 474,985,305 | 54,171,227
56,148,516,371 | 1,067,230,211 | 474,009,521 | 53,889,840
56,148,516,166 | 1,063,296,801 | 474,206,697 | 55,556,109
56,148,516,017 | 1,080,991,336 | 474,884,599 | 54,093,043
56,148,516,122 | 1,079,803,156 | 475,231,164 | 54,616,541
56,148,515,756 | 1,032,768,952 | 473,332,117 | 53,305,466
56,148,516,112 | 1,030,182,050 | 473,407,019 | 53,969,245
56,148,515,959 | 1,029,756,858 | 473,493,826 | 52,689,157
56,148,516,020 | 1,030,062,071 | 473,312,258 | 53,779,290
