Performance results for ./matrix/4.mtx | threads=1 | chunksize=100
L1-dcache-loads | L1-dcache-load-misses | LLC-loads | LLC-load-misses
77,576,399,884 | 353,256,898 | 2,699,649 | 1,337,813
77,576,399,955 | 349,524,556 | 2,216,457 | 1,250,356
77,576,399,972 | 354,544,733 | 2,520,281 | 1,570,127
77,576,399,983 | 353,595,453 | 2,340,603 | 1,408,423
77,576,399,972 | 351,046,777 | 2,453,288 | 1,348,024
77,576,399,948 | 353,689,591 | 2,263,586 | 1,362,860
77,576,400,046 | 350,862,685 | 2,456,062 | 1,545,364
77,576,400,037 | 354,335,158 | 2,239,552 | 1,336,533
77,576,400,023 | 352,618,286 | 2,343,510 | 1,330,171
77,576,399,917 | 353,867,270 | 2,217,164 | 1,278,504
