Performance results for ./matrix/4.mtx | threads=32 | chunksize=100
L1-dcache-loads | L1-dcache-load-misses | LLC-loads | LLC-load-misses
77,592,619,752 | 359,125,529 | 3,903,037 | 2,318,297
77,595,935,383 | 361,357,025 | 4,277,033 | 2,648,777
77,591,501,590 | 358,355,122 | 3,911,604 | 2,357,797
77,590,816,223 | 358,029,816 | 3,949,339 | 2,329,631
77,593,057,247 | 359,572,657 | 3,826,236 | 2,335,770
77,595,272,882 | 360,145,446 | 4,419,459 | 2,787,555
77,590,692,282 | 362,573,854 | 3,876,293 | 2,415,698
77,595,510,632 | 365,262,103 | 4,543,359 | 2,761,054
77,594,473,120 | 354,808,341 | 4,389,196 | 2,674,063
77,595,342,260 | 357,806,667 | 4,297,827 | 2,636,198
