Performance results for ./matrix/1.mtx | threads=8 | chunksize=1000
L1-dcache-loads | L1-dcache-load-misses | LLC-loads | LLC-load-misses
596,730,618 | 5,741,905 | 118,428 | 39,267
597,077,535 | 6,385,173 | 141,823 | 45,923
597,075,439 | 6,370,860 | 164,424 | 41,301
597,020,420 | 6,386,515 | 127,389 | 38,367
597,043,280 | 6,384,918 | 125,586 | 44,038
597,047,952 | 6,393,046 | 146,723 | 41,886
596,975,408 | 6,390,876 | 118,397 | 45,265
597,082,400 | 6,388,458 | 147,940 | 38,349
597,100,137 | 6,385,545 | 154,974 | 44,387
597,121,168 | 6,371,914 | 177,719 | 41,407
