Performance results for ./matrix/3.mtx | threads=32 | chunksize=1
L1-dcache-loads | L1-dcache-load-misses | LLC-loads | LLC-load-misses
56,167,882,727 | 1,084,138,223 | 482,306,876 | 51,579,476
56,168,042,963 | 1,081,939,575 | 482,339,247 | 53,188,175
56,167,562,971 | 1,095,549,257 | 482,541,544 | 52,046,645
56,167,007,949 | 1,094,668,121 | 482,686,529 | 52,295,177
56,167,888,666 | 1,086,724,368 | 482,186,906 | 51,696,975
56,168,047,142 | 1,084,508,251 | 482,343,308 | 52,564,056
56,167,468,403 | 1,086,154,365 | 482,224,535 | 53,101,905
56,167,923,341 | 1,090,316,334 | 482,287,817 | 51,950,443
56,167,443,266 | 1,084,430,875 | 482,408,623 | 52,685,187
56,167,990,273 | 1,087,092,392 | 482,256,527 | 52,838,569
