Performance results for ./matrix/1.mtx | threads=4 | chunksize=1000
L1-dcache-loads | L1-dcache-load-misses | LLC-loads | LLC-load-misses
596,675,299 | 6,372,137 | 134,247 | 38,222
596,668,693 | 6,377,270 | 126,803 | 39,536
596,679,894 | 6,375,480 | 120,456 | 38,460
596,680,348 | 6,370,888 | 107,586 | 38,098
596,701,848 | 6,378,953 | 117,658 | 39,787
596,709,308 | 6,377,049 | 100,266 | 39,640
596,665,912 | 6,378,407 | 135,156 | 39,971
596,673,178 | 6,387,030 | 135,137 | 40,076
596,541,633 | 5,755,289 | 115,046 | 40,068
596,657,781 | 6,380,328 | 119,228 | 40,025
