Performance results for ./matrix/5.mtx | threads=2 | chunksize=100
L1-dcache-loads | L1-dcache-load-misses | LLC-loads | LLC-load-misses
134,362,394,607 | 417,682,620 | 34,812,436 | 20,945,096
134,362,394,308 | 432,024,406 | 35,446,972 | 21,709,816
134,362,394,934 | 422,454,969 | 35,301,511 | 21,749,457
134,362,394,108 | 430,178,332 | 35,435,997 | 21,787,446
134,362,401,012 | 421,730,165 | 33,808,718 | 19,706,227
134,362,095,256 | 433,804,539 | 32,842,826 | 17,704,370
134,362,497,522 | 416,304,924 | 33,623,455 | 18,546,552
134,362,095,551 | 429,316,266 | 36,036,903 | 21,193,872
134,362,394,396 | 423,484,290 | 35,324,831 | 21,366,084
134,362,094,932 | 425,015,541 | 35,380,624 | 20,964,250
