Performance results for ./matrix/3.mtx | threads=4 | chunksize=1000
L1-dcache-loads | L1-dcache-load-misses | LLC-loads | LLC-load-misses
56,141,669,528 | 1,083,113,113 | 474,812,231 | 51,893,494
56,141,955,080 | 1,079,108,033 | 474,943,142 | 50,640,778
56,141,952,365 | 1,062,068,759 | 474,464,003 | 51,674,095
56,141,953,134 | 1,081,100,773 | 474,741,791 | 50,641,063
56,141,834,748 | 1,061,536,838 | 474,099,850 | 51,986,432
56,141,952,881 | 1,079,535,505 | 474,954,711 | 49,804,872
56,141,730,942 | 1,078,973,791 | 474,929,257 | 54,417,089
56,141,948,474 | 1,076,362,087 | 475,197,219 | 51,707,221
56,141,953,120 | 1,077,551,785 | 475,122,189 | 51,880,133
56,141,868,646 | 1,062,759,038 | 473,942,813 | 50,599,930
