Performance results for ./matrix/1.mtx | threads=1 | chunksize=1000
L1-dcache-loads | L1-dcache-load-misses | LLC-loads | LLC-load-misses
596,430,346 | 6,390,187 | 93,785 | 18,902
596,430,352 | 6,389,201 | 83,330 | 19,316
596,430,350 | 6,376,011 | 87,479 | 20,150
596,430,356 | 5,760,418 | 72,091 | 21,158
596,430,349 | 5,744,483 | 95,715 | 20,259
596,430,352 | 5,758,819 | 79,216 | 20,885
596,430,353 | 6,369,686 | 82,903 | 20,972
596,430,350 | 5,762,846 | 77,047 | 21,634
596,430,342 | 6,372,357 | 95,100 | 18,337
596,430,353 | 6,385,509 | 81,648 | 20,231
