Performance results for ./matrix/3.mtx | threads=64 | chunksize=1000
L1-dcache-loads | L1-dcache-load-misses | LLC-loads | LLC-load-misses
56,192,185,510 | 1,077,666,698 | 475,165,453 | 47,554,666
56,192,576,175 | 1,071,152,264 | 475,019,199 | 47,813,332
56,192,282,536 | 1,070,374,561 | 474,600,937 | 47,304,625
56,192,372,742 | 1,070,201,623 | 475,232,828 | 48,322,491
56,192,021,959 | 1,078,639,273 | 475,534,031 | 47,701,436
56,192,246,024 | 1,071,549,058 | 474,845,659 | 48,581,359
56,192,471,810 | 1,073,081,760 | 474,974,254 | 47,395,942
56,193,080,887 | 1,071,801,618 | 474,570,851 | 47,763,869
56,192,655,999 | 1,071,087,342 | 474,507,848 | 47,544,008
56,193,096,030 | 1,070,466,844 | 475,202,989 | 48,405,300
