Performance results for ./matrix/5.mtx | threads=32 | chunksize=1000
L1-dcache-loads | L1-dcache-load-misses | LLC-loads | LLC-load-misses
134,376,390,523 | 411,604,737 | 34,563,144 | 19,062,757
134,376,394,110 | 412,575,554 | 35,098,296 | 19,642,112
134,376,582,336 | 411,396,222 | 34,683,100 | 18,788,596
134,376,351,729 | 407,056,053 | 35,472,044 | 19,613,044
134,376,588,629 | 408,806,231 | 35,138,939 | 19,115,202
134,376,444,646 | 409,111,715 | 34,214,929 | 18,775,520
134,376,696,961 | 405,663,221 | 35,446,657 | 19,612,801
134,382,034,690 | 403,090,132 | 34,870,020 | 18,243,701
134,376,388,846 | 409,080,712 | 35,720,888 | 19,660,313
134,376,276,474 | 404,621,941 | 34,614,609 | 18,806,809
