Performance results for ./matrix/1.mtx | threads=64 | chunksize=1
L1-dcache-loads | L1-dcache-load-misses | LLC-loads | LLC-load-misses
629,485,541 | 6,704,111 | 467,649 | 112,000
628,994,239 | 6,723,791 | 460,725 | 103,909
632,654,973 | 6,075,156 | 509,914 | 104,544
628,047,610 | 6,719,513 | 444,370 | 110,066
620,506,190 | 6,679,960 | 458,572 | 101,207
628,761,335 | 6,725,467 | 444,982 | 104,142
630,416,444 | 6,069,255 | 482,820 | 104,679
633,820,224 | 6,671,583 | 425,307 | 98,742
648,837,256 | 6,718,660 | 472,591 | 109,660
634,798,478 | 6,714,085 | 544,963 | 105,869
