Performance results for ./matrix/3.mtx | threads=4 | chunksize=1
L1-dcache-loads | L1-dcache-load-misses | LLC-loads | LLC-load-misses
56,150,330,266 | 1,087,311,299 | 481,079,261 | 59,691,168
56,150,333,360 | 1,086,691,019 | 479,066,972 | 53,104,902
56,150,330,979 | 1,039,809,565 | 477,412,365 | 55,733,969
56,150,331,579 | 1,085,580,198 | 479,221,818 | 52,770,489
56,150,332,463 | 1,038,799,027 | 477,554,733 | 54,894,609
56,150,331,026 | 1,038,569,804 | 477,532,428 | 53,342,889
56,150,331,305 | 1,088,080,151 | 479,147,197 | 54,596,254
56,150,332,303 | 1,087,125,604 | 479,222,471 | 53,136,353
56,150,335,966 | 1,088,392,942 | 479,105,133 | 54,629,257
56,150,332,309 | 1,090,602,704 | 478,724,097 | 53,222,978
