Performance results for ./matrix/2.mtx | threads=16 | chunksize=100
L1-dcache-loads | L1-dcache-load-misses | LLC-loads | LLC-load-misses
2,938,616,472 | 31,682,805 | 756,853 | 102,186
2,940,131,475 | 36,271,596 | 745,755 | 108,274
2,940,415,961 | 36,271,191 | 711,330 | 114,499
2,940,149,090 | 36,249,797 | 628,730 | 110,846
2,940,093,906 | 36,229,491 | 655,722 | 109,764
2,940,259,099 | 36,206,425 | 872,768 | 110,527
2,940,101,075 | 36,286,796 | 700,727 | 111,381
2,940,104,461 | 36,212,825 | 714,793 | 110,587
2,940,108,276 | 36,283,210 | 713,171 | 109,407
2,940,111,979 | 36,234,647 | 762,799 | 107,987
