Performance results for ./matrix/4.mtx | threads=32 | chunksize=1000
L1-dcache-loads | L1-dcache-load-misses | LLC-loads | LLC-load-misses
77,595,129,457 | 353,246,101 | 3,232,086 | 1,936,706
77,595,173,381 | 356,901,729 | 3,281,801 | 2,062,527
77,594,141,248 | 352,826,418 | 3,162,348 | 1,903,715
77,595,075,989 | 354,821,203 | 3,189,196 | 1,885,711
77,595,008,086 | 355,234,596 | 3,226,959 | 1,986,191
77,594,582,394 | 353,423,146 | 3,293,426 | 2,000,987
77,595,106,909 | 355,443,620 | 3,103,442 | 1,916,780
77,594,760,309 | 355,201,672 | 3,180,108 | 1,896,834
77,595,146,199 | 356,181,048 | 3,474,905 | 2,010,822
77,595,290,140 | 354,628,721 | 3,462,756 | 2,007,958
