Performance results for ./matrix/2.mtx | threads=64 | chunksize=1
L1-dcache-loads | L1-dcache-load-misses | LLC-loads | LLC-load-misses
2,987,514,132 | 36,631,557 | 1,272,718 | 188,637
2,987,645,941 | 36,413,126 | 1,258,597 | 193,152
2,987,462,028 | 36,588,519 | 1,255,608 | 194,884
2,986,119,384 | 36,578,588 | 1,236,581 | 202,652
2,987,998,524 | 36,308,538 | 1,154,609 | 190,329
2,987,637,012 | 36,662,306 | 1,107,625 | 191,863
2,981,191,399 | 32,397,053 | 1,131,770 | 173,715
2,982,083,415 | 32,159,004 | 1,115,682 | 170,859
2,987,800,082 | 36,816,318 | 1,287,986 | 190,470
2,987,402,858 | 36,681,109 | 1,170,644 | 192,574
