Performance results for ./matrix/3.mtx | threads=8 | chunksize=1
L1-dcache-loads | L1-dcache-load-misses | LLC-loads | LLC-load-misses
56,152,775,508 | 1,090,444,704 | 480,706,750 | 53,584,986
56,152,765,814 | 1,093,639,968 | 480,880,738 | 53,776,011
56,152,777,761 | 1,073,433,452 | 479,773,310 | 52,886,378
56,152,776,089 | 1,074,386,423 | 479,906,289 | 51,271,663
56,152,788,780 | 1,075,920,598 | 479,688,180 | 53,411,155
56,152,772,659 | 1,074,293,376 | 479,722,153 | 52,819,677
56,152,767,318 | 1,094,844,361 | 480,840,391 | 57,314,672
56,152,773,834 | 1,091,918,488 | 480,374,526 | 54,212,619
56,152,777,246 | 1,073,200,807 | 479,620,867 | 53,252,662
56,152,778,983 | 1,073,677,512 | 479,934,308 | 52,860,752
