Performance results for ./matrix/3.mtx | threads=8 | chunksize=1000
L1-dcache-loads | L1-dcache-load-misses | LLC-loads | LLC-load-misses
56,144,392,287 | 1,064,886,134 | 474,121,781 | 48,687,660
56,144,398,970 | 1,065,164,425 | 474,240,269 | 52,045,783
56,144,398,038 | 1,065,093,021 | 474,431,701 | 49,903,290
56,144,416,265 | 1,062,950,174 | 474,264,395 | 51,682,115
56,144,394,103 | 1,080,202,990 | 475,229,902 | 48,353,795
56,144,399,274 | 1,064,120,573 | 474,324,137 | 50,216,648
56,144,391,979 | 1,063,151,024 | 474,171,712 | 48,614,929
56,144,393,761 | 1,063,154,707 | 474,412,664 | 50,033,263
56,144,411,860 | 1,062,530,534 | 474,235,625 | 49,578,754
56,144,393,791 | 1,063,701,623 | 474,084,915 | 49,242,349
