Performance results for ./matrix/2.mtx | threads=1 | chunksize=100
L1-dcache-loads | L1-dcache-load-misses | LLC-loads | LLC-load-misses
2,935,330,171 | 36,364,506 | 545,252 | 86,157
2,935,330,178 | 36,264,514 | 513,504 | 83,316
2,935,330,186 | 36,212,562 | 570,937 | 83,540
2,935,330,170 | 36,259,091 | 722,161 | 84,736
2,935,330,165 | 36,240,910 | 623,792 | 83,542
2,935,330,170 | 36,411,782 | 548,205 | 83,318
2,935,330,166 | 36,247,768 | 679,916 | 80,615
2,935,330,157 | 36,364,133 | 826,378 | 77,540
2,935,330,159 | 36,244,476 | 635,521 | 83,142
2,935,330,165 | 36,287,761 | 670,344 | 85,946
