Performance results for ./matrix/4.mtx | threads=1 | chunksize=1
L1-dcache-loads | L1-dcache-load-misses | LLC-loads | LLC-load-misses
77,609,448,512 | 359,147,838 | 2,430,411 | 1,461,289
77,609,448,667 | 355,585,068 | 2,643,762 | 1,265,463
77,609,448,525 | 357,261,147 | 2,368,782 | 1,431,112
77,609,448,477 | 349,218,485 | 2,264,086 | 1,328,339
77,609,448,454 | 353,943,529 | 2,478,800 | 1,338,143
77,609,448,485 | 350,190,358 | 2,275,782 | 1,344,006
77,609,448,463 | 355,837,197 | 2,318,192 | 1,473,308
77,609,448,823 | 351,713,944 | 2,441,128 | 1,340,855
77,609,448,583 | 355,597,699 | 2,234,964 | 1,329,230
77,609,448,527 | 353,098,968 | 2,225,906 | 1,334,206
