Performance results for ./matrix/1.mtx | threads=8 | chunksize=1
L1-dcache-loads | L1-dcache-load-misses | LLC-loads | LLC-load-misses
596,835,027 | 5,982,490 | 232,217 | 84,792
596,748,193 | 5,988,761 | 259,565 | 78,785
597,301,968 | 6,631,663 | 200,627 | 93,991
597,287,699 | 6,612,497 | 208,942 | 88,349
596,858,552 | 5,989,957 | 238,778 | 84,041
597,002,962 | 5,977,870 | 229,472 | 91,699
597,312,455 | 6,609,576 | 207,976 | 92,386
597,187,967 | 6,632,139 | 205,017 | 78,757
597,140,915 | 6,627,531 | 240,168 | 86,578
596,866,280 | 5,983,227 | 234,453 | 83,035
