Performance results for ./matrix/4.mtx | threads=64 | chunksize=1000
L1-dcache-loads | L1-dcache-load-misses | LLC-loads | LLC-load-misses
77,616,113,668 | 353,754,213 | 3,309,944 | 1,936,313
77,627,869,252 | 354,296,448 | 3,266,071 | 1,919,380
77,626,695,724 | 355,759,918 | 3,270,168 | 1,880,337
77,628,022,355 | 350,825,617 | 3,295,699 | 1,872,414
77,629,727,885 | 355,777,989 | 3,234,587 | 1,914,850
77,626,279,599 | 355,102,562 | 3,248,188 | 1,941,708
77,627,463,072 | 354,867,163 | 3,318,989 | 1,963,157
77,627,333,502 | 353,521,226 | 3,263,438 | 1,896,386
77,629,901,247 | 359,869,453 | 3,379,000 | 2,057,167
77,628,324,683 | 354,676,569 | 3,217,730 | 1,890,059
