Performance results for ./matrix/3.mtx | threads=8 | chunksize=100
L1-dcache-loads | L1-dcache-load-misses | LLC-loads | LLC-load-misses
56,144,074,384 | 1,060,855,845 | 474,424,746 | 49,140,846
56,144,470,279 | 1,079,556,930 | 474,609,516 | 50,097,591
56,144,471,920 | 1,076,034,286 | 474,780,080 | 51,474,909
56,143,951,686 | 1,064,429,026 | 474,531,160 | 49,464,945
56,144,034,310 | 1,062,445,203 | 474,195,012 | 49,803,737
56,144,473,623 | 1,064,372,448 | 474,385,219 | 50,635,513
56,143,962,065 | 1,063,958,927 | 474,128,741 | 49,274,221
56,144,023,143 | 1,062,953,788 | 474,293,634 | 49,064,288
56,144,099,013 | 1,063,224,248 | 474,241,749 | 49,986,055
56,143,926,832 | 1,062,474,080 | 474,156,528 | 49,465,989
