Performance results for ./matrix/1.mtx | threads=1 | chunksize=100
L1-dcache-loads | L1-dcache-load-misses | LLC-loads | LLC-load-misses
596,431,435 | 6,384,257 | 106,919 | 20,333
596,431,425 | 6,387,904 | 90,452 | 20,994
596,431,425 | 6,390,884 | 92,389 | 19,076
596,431,425 | 5,750,523 | 76,633 | 22,075
596,431,429 | 6,378,718 | 77,111 | 21,644
596,431,429 | 6,382,847 | 73,002 | 19,857
596,431,433 | 6,384,026 | 75,857 | 20,196
596,431,422 | 6,386,439 | 87,614 | 20,609
596,431,433 | 6,389,943 | 81,897 | 21,507
596,431,438 | 6,374,863 | 79,195 | 21,545
