Performance results for ./matrix/4.mtx | threads=64 | chunksize=100
L1-dcache-loads | L1-dcache-load-misses | LLC-loads | LLC-load-misses
77,616,783,238 | 362,541,600 | 4,160,211 | 2,349,914
77,627,842,384 | 359,716,062 | 4,441,627 | 2,823,387
77,628,200,335 | 362,376,735 | 3,856,233 | 2,311,725
77,628,454,522 | 357,893,944 | 3,905,436 | 2,240,369
77,626,987,592 | 359,408,459 | 4,458,116 | 2,763,585
77,619,036,321 | 357,347,550 | 3,983,779 | 2,232,619
77,611,860,785 | 359,453,263 | 4,081,585 | 2,336,012
77,617,548,753 | 359,635,605 | 3,849,926 | 2,231,027
77,618,153,479 | 360,294,530 | 4,437,885 | 2,744,909
77,627,502,278 | 362,358,747 | 4,588,342 | 2,843,769
