Performance results for ./matrix/5.mtx | threads=1 | chunksize=1000
L1-dcache-loads | L1-dcache-load-misses | LLC-loads | LLC-load-misses
134,357,157,967 | 414,196,092 | 29,399,105 | 16,134,278
134,357,157,964 | 410,984,108 | 28,907,808 | 15,590,721
134,357,157,958 | 408,630,036 | 28,969,310 | 15,739,125
134,357,157,994 | 410,007,645 | 28,965,660 | 15,659,898
134,357,157,988 | 410,436,895 | 28,955,617 | 15,670,840
134,357,158,034 | 406,653,498 | 29,772,470 | 15,999,746
134,357,157,945 | 408,862,069 | 29,457,712 | 15,723,258
134,357,158,003 | 409,543,767 | 30,093,705 | 16,382,094
134,357,158,125 | 404,600,531 | 29,858,082 | 15,828,079
134,357,157,953 | 407,875,380 | 28,960,683 | 15,855,449
