Performance results for ./matrix/1.mtx | threads=4 | chunksize=1
L1-dcache-loads | L1-dcache-load-misses | LLC-loads | LLC-load-misses
597,151,272 | 6,579,450 | 189,554 | 61,238
597,055,884 | 6,345,483 | 176,854 | 61,484
597,042,017 | 6,595,999 | 180,837 | 60,765
596,673,266 | 5,968,039 | 149,421 | 49,492
597,059,544 | 6,595,914 | 171,112 | 60,869
596,955,843 | 6,592,452 | 161,530 | 44,282
597,066,209 | 6,596,540 | 168,125 | 59,181
596,897,583 | 6,588,037 | 152,314 | 40,623
597,126,859 | 6,568,849 | 179,807 | 59,186
597,041,892 | 6,594,727 | 155,786 | 58,860
