Performance results for ./matrix/2.mtx | threads=64 | chunksize=1000
L1-dcache-loads | L1-dcache-load-misses | LLC-loads | LLC-load-misses
2,977,111,060 | 32,890,596 | 820,213 | 91,164
2,987,455,539 | 33,293,565 | 603,592 | 96,199
2,984,989,448 | 36,296,133 | 718,575 | 109,710
2,987,499,272 | 36,310,605 | 783,635 | 110,517
2,984,560,058 | 36,285,589 | 853,680 | 112,469
2,984,803,838 | 36,268,751 | 856,601 | 110,561
2,986,671,503 | 36,229,763 | 805,222 | 107,197
2,985,528,882 | 36,257,851 | 729,714 | 107,348
2,984,180,804 | 36,343,025 | 800,490 | 108,828
2,984,070,554 | 33,224,221 | 707,678 | 98,159
