Performance results for ./matrix/2.mtx | threads=4 | chunksize=1
L1-dcache-loads | L1-dcache-load-misses | LLC-loads | LLC-load-misses
2,936,873,146 | 36,498,389 | 675,346 | 163,954
2,936,819,825 | 36,486,573 | 750,200 | 162,725
2,936,666,570 | 36,527,019 | 802,676 | 193,522
2,936,863,034 | 36,547,160 | 610,114 | 163,670
2,936,844,392 | 36,422,292 | 744,723 | 164,155
2,936,865,431 | 36,446,280 | 686,388 | 167,636
2,936,836,873 | 36,435,112 | 717,419 | 172,691
2,936,188,789 | 31,799,711 | 603,619 | 157,852
2,936,825,275 | 36,503,785 | 637,070 | 166,960
2,936,428,252 | 36,548,421 | 882,376 | 176,692
