Performance results for ./matrix/3.mtx | threads=2 | chunksize=1000
L1-dcache-loads | L1-dcache-load-misses | LLC-loads | LLC-load-misses
56,140,737,887 | 1,030,139,003 | 473,405,003 | 51,088,390
56,140,743,613 | 1,078,453,897 | 474,902,698 | 52,928,907
56,140,741,872 | 1,079,264,363 | 475,136,157 | 52,712,949
56,140,742,062 | 1,080,120,636 | 475,156,579 | 52,238,786
56,140,741,943 | 1,061,069,312 | 474,477,800 | 52,856,064
56,140,742,185 | 1,063,706,150 | 474,238,443 | 49,512,901
56,140,742,668 | 1,077,904,778 | 474,810,012 | 51,659,494
56,140,742,451 | 1,061,492,862 | 474,376,560 | 49,711,440
56,140,742,237 | 1,060,887,139 | 474,304,248 | 52,881,087
56,140,742,371 | 1,077,540,649 | 474,790,544 | 50,485,712
