Performance results for ./matrix/5.mtx | threads=4 | chunksize=100
L1-dcache-loads | L1-dcache-load-misses | LLC-loads | LLC-load-misses
134,363,597,983 | 441,627,309 | 46,182,447 | 29,203,515
134,363,597,445 | 432,253,294 | 42,019,850 | 26,017,079
134,363,597,231 | 450,142,291 | 45,639,210 | 29,692,509
134,363,598,994 | 436,383,701 | 41,704,458 | 25,715,386
134,363,598,088 | 430,156,269 | 40,675,937 | 24,540,941
134,363,598,551 | 443,412,006 | 40,211,855 | 23,910,446
134,363,597,940 | 440,344,192 | 44,487,136 | 27,522,109
134,363,598,225 | 442,040,874 | 44,692,866 | 28,238,368
134,362,701,226 | 441,174,844 | 40,712,007 | 25,859,536
134,363,714,308 | 424,970,604 | 41,051,403 | 25,907,296
