Performance results for ./matrix/5.mtx | threads=8 | chunksize=1
L1-dcache-loads | L1-dcache-load-misses | LLC-loads | LLC-load-misses
134,875,144,707 | 841,776,790 | 65,687,611 | 36,385,118
134,875,144,295 | 836,449,567 | 63,765,044 | 32,689,003
134,875,178,626 | 828,158,762 | 62,789,021 | 33,692,879
134,875,151,616 | 829,187,075 | 64,386,920 | 34,287,067
134,875,162,297 | 836,674,211 | 66,351,688 | 36,544,430
134,875,141,370 | 841,929,068 | 69,838,281 | 37,533,515
134,873,050,750 | 834,195,889 | 61,681,593 | 34,181,834
134,875,256,290 | 838,073,728 | 64,705,027 | 33,862,192
134,875,142,610 | 841,323,997 | 66,472,306 | 37,500,088
134,873,057,042 | 830,121,294 | 53,422,055 | 29,144,972
