Performance results for ./matrix/2.mtx | threads=2 | chunksize=1
L1-dcache-loads | L1-dcache-load-misses | LLC-loads | LLC-load-misses
2,935,755,269 | 36,403,415 | 494,363 | 99,610
2,935,751,664 | 36,507,133 | 635,323 | 96,789
2,935,755,258 | 36,492,016 | 568,617 | 95,156
2,935,755,646 | 36,509,892 | 577,797 | 99,816
2,935,755,030 | 36,506,663 | 704,921 | 94,339
2,935,755,764 | 36,539,605 | 645,124 | 97,201
2,935,755,292 | 36,426,593 | 631,931 | 95,486
2,935,750,981 | 36,505,606 | 549,984 | 94,054
2,935,664,616 | 31,768,449 | 443,159 | 94,630
2,935,755,994 | 36,488,250 | 855,293 | 94,786
