Performance results for ./matrix/1.mtx | threads=2 | chunksize=1
L1-dcache-loads | L1-dcache-load-misses | LLC-loads | LLC-load-misses
596,628,231 | 6,543,169 | 101,451 | 18,686
596,590,531 | 5,927,809 | 84,890 | 21,523
596,590,089 | 5,916,206 | 85,947 | 21,158
596,631,655 | 6,534,490 | 136,168 | 20,303
596,630,266 | 6,553,403 | 88,986 | 20,523
596,628,399 | 6,537,716 | 98,997 | 20,813
596,612,788 | 5,900,220 | 117,868 | 41,457
596,651,447 | 6,557,690 | 109,867 | 39,910
596,625,166 | 6,549,734 | 93,926 | 21,412
596,652,269 | 6,526,406 | 123,450 | 39,542
