Performance results for ./matrix/1.mtx | threads=32 | chunksize=1
L1-dcache-loads | L1-dcache-load-misses | LLC-loads | LLC-load-misses
600,076,404 | 6,646,647 | 326,211 | 92,696
600,196,901 | 6,665,718 | 348,136 | 101,851
599,853,655 | 6,686,805 | 332,511 | 104,575
599,972,114 | 6,668,415 | 394,484 | 110,195
599,955,400 | 6,657,018 | 415,420 | 113,874
599,670,615 | 6,672,339 | 323,585 | 112,276
612,918,502 | 6,036,469 | 368,977 | 109,294
599,862,370 | 6,679,038 | 342,161 | 106,700
600,169,382 | 6,668,085 | 457,415 | 94,868
599,628,408 | 6,659,925 | 386,945 | 107,715
