Performance results for ./matrix/5.mtx | threads=32 | chunksize=1
L1-dcache-loads | L1-dcache-load-misses | LLC-loads | LLC-load-misses
134,880,974,872 | 1,041,001,193 | 185,758,775 | 63,837,535
134,889,899,622 | 1,050,356,804 | 187,633,207 | 62,752,201
134,890,471,191 | 1,029,841,820 | 174,427,789 | 60,413,888
134,890,025,031 | 1,039,716,325 | 179,948,412 | 60,308,819
134,880,774,974 | 1,040,240,892 | 181,295,222 | 59,814,935
134,890,137,682 | 1,050,247,156 | 192,499,659 | 67,400,536
134,880,978,689 | 1,032,181,074 | 174,948,728 | 57,690,193
134,890,144,389 | 1,049,888,526 | 189,542,324 | 63,845,208
134,880,984,359 | 1,031,889,218 | 176,431,628 | 61,823,847
134,890,369,205 | 1,054,176,558 | 194,989,916 | 65,384,738
