Performance results for ./matrix/3.mtx | threads=64 | chunksize=100
L1-dcache-loads | L1-dcache-load-misses | LLC-loads | LLC-load-misses
56,192,583,101 | 1,071,685,044 | 475,052,759 | 48,401,933
56,192,937,196 | 1,071,236,002 | 474,774,872 | 47,576,733
56,193,091,109 | 1,071,647,932 | 474,680,219 | 48,080,322
56,192,904,918 | 1,081,938,910 | 474,777,545 | 48,046,287
56,192,068,813 | 1,071,836,671 | 474,888,947 | 48,213,264
56,192,683,439 | 1,069,836,279 | 475,044,237 | 48,630,062
56,192,597,280 | 1,078,595,466 | 475,480,065 | 47,696,246
56,193,114,942 | 1,072,799,919 | 475,045,007 | 48,451,200
56,192,488,022 | 1,080,804,524 | 475,159,345 | 48,286,755
56,192,841,975 | 1,077,488,339 | 475,360,436 | 48,414,244
