Performance results for ./matrix/5.mtx | threads=4 | chunksize=1000
L1-dcache-loads | L1-dcache-load-misses | LLC-loads | LLC-load-misses
134,358,969,018 | 406,584,048 | 33,353,264 | 19,202,110
134,358,969,149 | 399,732,814 | 31,917,329 | 18,668,085
134,358,969,020 | 409,029,996 | 33,330,010 | 19,243,218
134,358,969,419 | 412,931,667 | 31,925,707 | 18,257,044
134,358,971,281 | 407,009,108 | 31,449,236 | 18,421,195
134,358,968,784 | 409,589,464 | 31,133,921 | 18,035,559
134,358,977,267 | 406,631,259 | 33,914,232 | 19,336,172
134,358,969,038 | 401,632,874 | 31,734,960 | 18,119,237
134,358,969,087 | 400,713,018 | 32,865,294 | 18,855,480
134,358,969,001 | 409,448,641 | 31,841,902 | 18,769,043
