Performance results for ./matrix/1.mtx | threads=16 | chunksize=100
L1-dcache-loads | L1-dcache-load-misses | LLC-loads | LLC-load-misses
597,081,199 | 5,755,425 | 204,868 | 45,178
597,159,597 | 5,756,703 | 202,818 | 46,556
600,755,497 | 6,393,816 | 212,035 | 42,295
599,776,164 | 5,757,721 | 184,973 | 44,910
597,765,521 | 6,390,976 | 173,582 | 45,880
597,147,473 | 5,754,683 | 203,583 | 46,830
597,802,060 | 6,406,210 | 200,327 | 46,341
597,789,826 | 6,408,319 | 157,657 | 47,175
597,850,825 | 6,390,306 | 231,172 | 45,588
597,127,118 | 5,770,440 | 155,769 | 46,030
