Performance results for ./matrix/5.mtx | threads=16 | chunksize=1000
L1-dcache-loads | L1-dcache-load-misses | LLC-loads | LLC-load-misses
134,366,391,493 | 406,261,170 | 34,419,289 | 19,500,496
134,366,298,735 | 405,486,132 | 34,183,378 | 19,454,914
134,366,259,298 | 408,708,623 | 33,102,390 | 18,972,301
134,366,284,663 | 409,713,494 | 32,754,820 | 18,617,052
134,366,291,325 | 408,043,728 | 32,957,371 | 18,481,407
134,366,271,996 | 405,925,688 | 35,108,611 | 19,461,443
134,366,292,606 | 414,334,602 | 33,761,047 | 19,470,184
134,366,308,934 | 408,744,602 | 32,849,371 | 18,651,789
134,366,244,336 | 401,624,643 | 32,972,088 | 18,631,558
134,366,230,715 | 406,469,756 | 34,458,162 | 19,421,766
