Performance results for ./matrix/3.mtx | threads=2 | chunksize=1
L1-dcache-loads | L1-dcache-load-misses | LLC-loads | LLC-load-misses
56,149,121,985 | 1,035,712,730 | 475,361,065 | 51,957,380
56,149,122,674 | 1,065,567,630 | 476,025,237 | 52,689,855
56,149,121,759 | 1,067,292,118 | 476,036,088 | 52,647,585
56,149,122,544 | 1,066,755,300 | 476,063,101 | 54,641,722
56,149,122,866 | 1,069,256,559 | 476,228,224 | 55,677,136
56,149,006,100 | 1,084,998,084 | 476,977,653 | 52,222,614
56,148,987,016 | 1,036,338,382 | 475,222,564 | 51,711,334
56,149,122,404 | 1,039,197,130 | 475,350,326 | 54,301,461
56,149,123,283 | 1,082,318,993 | 476,546,302 | 53,809,625
56,149,122,844 | 1,081,763,848 | 476,530,195 | 55,227,631
