Performance results for ./matrix/5.mtx | threads=4 | chunksize=1
L1-dcache-loads | L1-dcache-load-misses | LLC-loads | LLC-load-misses
134,871,833,850 | 586,488,341 | 44,694,532 | 28,224,615
134,872,730,535 | 599,849,474 | 47,564,275 | 29,030,416
134,872,730,433 | 582,558,662 | 43,827,818 | 23,520,685
134,872,730,896 | 588,534,098 | 48,080,164 | 30,552,005
134,872,729,900 | 587,595,666 | 47,602,662 | 30,163,205
134,872,730,856 | 575,954,543 | 39,078,188 | 20,410,471
134,872,809,716 | 590,391,549 | 47,097,628 | 30,638,723
134,871,835,487 | 585,096,689 | 42,881,772 | 25,987,735
134,871,832,605 | 584,295,295 | 47,516,350 | 30,410,605
134,872,731,257 | 578,953,859 | 45,642,957 | 27,795,527
