Performance results for ./matrix/4.mtx | threads=2 | chunksize=100
L1-dcache-loads | L1-dcache-load-misses | LLC-loads | LLC-load-misses
77,577,008,175 | 355,678,683 | 2,898,547 | 1,946,016
77,576,732,840 | 354,705,737 | 2,951,316 | 2,004,740
77,576,788,966 | 358,669,129 | 3,499,750 | 2,404,385
77,576,707,972 | 355,614,228 | 3,269,398 | 2,290,575
77,577,007,361 | 351,975,694 | 2,960,841 | 1,871,882
77,576,707,914 | 353,633,190 | 3,231,619 | 2,187,790
77,577,007,636 | 355,345,579 | 2,819,859 | 1,880,832
77,576,708,508 | 349,772,789 | 3,172,979 | 2,147,538
77,576,708,223 | 351,043,435 | 3,150,088 | 2,168,065
77,576,707,885 | 351,330,593 | 3,202,392 | 2,211,167
