Performance results for ./matrix/2.mtx | threads=2 | chunksize=100
L1-dcache-loads | L1-dcache-load-misses | LLC-loads | LLC-load-misses
2,935,638,725 | 36,249,855 | 648,267 | 85,736
2,935,633,943 | 36,228,134 | 524,683 | 86,409
2,935,636,404 | 36,314,284 | 589,698 | 92,484
2,935,550,856 | 31,868,139 | 431,938 | 77,496
2,935,552,778 | 32,089,888 | 524,331 | 77,444
2,935,634,539 | 36,425,877 | 598,394 | 87,553
2,935,638,050 | 36,316,614 | 485,248 | 87,455
2,935,636,899 | 36,300,766 | 548,343 | 87,191
2,935,639,234 | 36,265,420 | 635,730 | 85,571
2,935,638,818 | 36,265,672 | 602,244 | 103,086
