Performance results for ./matrix/5.mtx | threads=1 | chunksize=1
L1-dcache-loads | L1-dcache-load-misses | LLC-loads | LLC-load-misses
134,870,918,593 | 407,450,226 | 29,935,639 | 16,049,839
134,870,918,589 | 396,425,352 | 28,375,092 | 15,464,343
134,870,918,615 | 402,132,492 | 28,895,008 | 15,635,828
134,870,918,640 | 400,570,491 | 28,919,007 | 15,598,038
134,870,918,584 | 406,637,249 | 29,016,661 | 15,741,103
134,870,918,563 | 402,818,793 | 29,025,053 | 15,606,208
134,870,918,634 | 412,670,020 | 29,084,440 | 15,652,200
134,870,918,694 | 408,585,085 | 29,215,939 | 15,689,708
134,870,918,625 | 406,051,682 | 29,040,540 | 15,617,475
134,870,918,565 | 409,736,758 | 29,006,721 | 15,647,059
