Performance results for ./matrix/5.mtx | threads=1 | chunksize=100
L1-dcache-loads | L1-dcache-load-misses | LLC-loads | LLC-load-misses
134,361,786,486 | 403,112,479 | 28,912,113 | 15,657,924
134,361,786,529 | 400,181,263 | 29,344,561 | 16,155,288
134,361,786,402 | 405,985,881 | 29,161,141 | 15,691,226
134,361,786,490 | 411,120,764 | 29,030,630 | 15,893,459
134,361,786,476 | 405,933,454 | 28,963,868 | 15,679,036
134,361,786,456 | 406,029,650 | 29,209,141 | 15,736,881
134,361,786,447 | 410,095,635 | 29,355,063 | 16,162,108
134,361,786,413 | 410,045,818 | 29,281,445 | 16,108,441
134,361,786,456 | 408,626,711 | 30,186,418 | 16,448,036
134,361,786,462 | 409,048,349 | 30,130,027 | 16,271,742
