Performance results for ./matrix/1.mtx | threads=64 | chunksize=100
L1-dcache-loads | L1-dcache-load-misses | LLC-loads | LLC-load-misses
631,637,867 | 5,775,320 | 285,375 | 46,813
635,350,830 | 6,406,605 | 398,236 | 46,528
634,915,219 | 6,388,625 | 387,685 | 45,021
636,179,409 | 6,421,504 | 341,513 | 45,495
635,498,927 | 5,775,633 | 276,759 | 44,401
636,711,851 | 6,411,780 | 385,496 | 46,711
636,151,961 | 6,407,042 | 336,950 | 44,391
634,414,918 | 6,430,943 | 358,818 | 45,753
635,859,884 | 6,404,832 | 348,260 | 44,769
640,699,363 | 5,779,331 | 339,071 | 48,659
