Performance results for ./matrix/4.mtx | threads=64 | chunksize=1
L1-dcache-loads | L1-dcache-load-misses | LLC-loads | LLC-load-misses
77,642,713,725 | 651,082,621 | 110,695,726 | 34,053,276
77,644,953,855 | 649,871,687 | 110,830,812 | 33,770,551
77,641,396,343 | 651,231,064 | 112,883,615 | 33,992,818
77,641,802,634 | 655,276,720 | 115,487,433 | 33,890,018
77,640,880,024 | 655,682,139 | 114,688,964 | 33,189,307
77,643,309,801 | 657,122,780 | 115,393,161 | 34,071,309
77,642,552,723 | 659,098,832 | 114,142,018 | 33,371,812
77,640,955,967 | 655,643,141 | 116,257,181 | 32,908,053
77,644,800,539 | 649,424,977 | 112,121,709 | 33,345,524
77,642,223,466 | 654,809,096 | 116,704,395 | 34,793,603
