Performance results for ./matrix/2.mtx | threads=4 | chunksize=1000
L1-dcache-loads | L1-dcache-load-misses | LLC-loads | LLC-load-misses
2,935,950,921 | 31,293,336 | 484,648 | 105,465
2,936,296,788 | 35,779,582 | 583,411 | 103,363
2,936,382,799 | 36,270,810 | 568,998 | 101,093
2,936,327,296 | 36,206,699 | 513,024 | 108,596
2,936,308,312 | 36,237,930 | 611,668 | 102,953
2,936,345,261 | 36,264,899 | 760,767 | 103,530
2,936,012,808 | 31,312,055 | 570,838 | 92,001
2,936,076,292 | 31,896,721 | 473,896 | 96,114
2,936,315,858 | 36,204,224 | 529,653 | 102,544
2,936,301,660 | 36,185,879 | 543,492 | 103,385
