Performance results for ./matrix/2.mtx | threads=1 | chunksize=1
L1-dcache-loads | L1-dcache-load-misses | LLC-loads | LLC-load-misses
2,935,449,063 | 36,238,650 | 735,293 | 85,245
2,935,448,952 | 31,992,279 | 467,011 | 77,925
2,935,448,965 | 35,774,349 | 497,561 | 87,671
2,935,448,964 | 36,366,248 | 477,202 | 86,316
2,935,448,978 | 36,210,989 | 500,093 | 84,176
2,935,448,949 | 31,659,213 | 397,575 | 84,173
2,935,448,966 | 36,233,843 | 729,982 | 83,895
2,935,448,961 | 36,222,824 | 550,696 | 84,677
2,935,448,967 | 36,241,258 | 512,040 | 85,903
2,935,448,953 | 36,265,921 | 574,646 | 85,011
