Performance results for ./matrix/5.mtx | threads=64 | chunksize=100
L1-dcache-loads | L1-dcache-load-misses | LLC-loads | LLC-load-misses
134,414,230,546 | 437,044,708 | 50,057,249 | 27,573,630
134,413,765,177 | 449,861,541 | 51,455,728 | 27,576,438
134,396,383,025 | 452,588,802 | 52,675,729 | 28,382,510
134,412,958,028 | 442,520,433 | 45,791,533 | 25,724,776
134,415,877,202 | 440,617,040 | 46,137,968 | 25,849,227
134,413,986,635 | 441,181,825 | 47,521,165 | 26,348,967
134,415,213,054 | 445,711,341 | 50,504,315 | 27,140,570
134,402,268,558 | 450,385,958 | 50,995,484 | 27,253,626
134,403,323,591 | 452,055,897 | 53,645,741 | 28,558,491
134,415,087,354 | 451,630,780 | 51,255,379 | 27,559,356
