Performance results for ./matrix/3.mtx | threads=2 | chunksize=100
L1-dcache-loads | L1-dcache-load-misses | LLC-loads | LLC-load-misses
56,140,817,158 | 1,032,202,839 | 473,619,602 | 52,476,821
56,140,814,124 | 1,078,173,056 | 474,790,999 | 53,072,485
56,140,522,807 | 1,079,514,049 | 474,797,409 | 52,487,162
56,140,817,178 | 1,078,528,639 | 474,848,073 | 51,413,783
56,140,818,023 | 1,063,462,119 | 474,134,281 | 51,851,481
56,140,817,173 | 1,032,628,922 | 473,554,582 | 50,484,782
56,140,595,868 | 1,062,060,020 | 474,217,710 | 51,257,602
56,140,817,588 | 1,081,382,558 | 474,759,095 | 51,592,550
56,140,612,112 | 1,062,525,883 | 474,294,672 | 51,564,384
56,140,599,608 | 1,060,118,533 | 474,242,566 | 50,286,467
