Performance results for ./matrix/4.mtx | threads=16 | chunksize=100
L1-dcache-loads | L1-dcache-load-misses | LLC-loads | LLC-load-misses
77,585,461,185 | 361,392,491 | 4,210,666 | 2,707,964
77,584,714,499 | 356,972,337 | 4,427,098 | 2,451,523
77,585,156,960 | 357,649,747 | 4,446,529 | 2,538,303
77,583,318,568 | 358,102,102 | 3,698,546 | 1,976,662
77,584,928,876 | 357,947,137 | 4,470,481 | 2,526,985
77,584,717,378 | 357,518,211 | 4,455,207 | 2,517,630
77,585,103,975 | 358,809,756 | 4,478,275 | 2,529,926
77,585,221,570 | 359,834,972 | 4,243,443 | 2,458,026
77,585,285,127 | 356,971,522 | 4,379,521 | 2,495,395
77,585,225,625 | 357,243,385 | 4,294,582 | 2,587,801
