Performance results for ./matrix/2.mtx | threads=16 | chunksize=1
L1-dcache-loads | L1-dcache-load-misses | LLC-loads | LLC-load-misses
2,940,751,899 | 36,554,709 | 781,169 | 184,669
2,939,299,542 | 31,813,212 | 628,832 | 171,719
2,940,752,848 | 36,513,729 | 892,740 | 190,778
2,940,989,187 | 36,545,545 | 830,147 | 182,614
2,940,685,404 | 36,599,943 | 857,168 | 199,593
2,940,886,903 | 36,504,151 | 816,869 | 190,137
2,939,223,573 | 31,785,116 | 738,254 | 174,103
2,940,808,820 | 36,462,655 | 901,314 | 180,577
2,940,888,935 | 36,520,885 | 926,340 | 180,019
2,939,321,476 | 31,939,189 | 833,252 | 172,385
