Performance results for ./matrix/5.mtx | threads=32 | chunksize=100
L1-dcache-loads | L1-dcache-load-misses | LLC-loads | LLC-load-misses
134,381,093,627 | 452,770,540 | 54,120,645 | 28,851,488
134,381,198,201 | 442,877,438 | 51,945,055 | 28,159,679
134,381,242,103 | 436,058,348 | 51,766,537 | 28,424,350
134,381,053,694 | 441,957,857 | 51,399,026 | 28,287,254
134,381,097,249 | 456,317,611 | 55,808,361 | 29,909,804
134,381,266,835 | 446,298,142 | 56,474,883 | 29,876,441
134,381,248,270 | 446,393,590 | 52,915,226 | 28,480,694
134,380,930,156 | 435,580,176 | 51,690,858 | 28,500,355
134,381,345,140 | 443,938,290 | 51,746,408 | 28,459,648
134,380,743,191 | 436,019,524 | 52,350,835 | 28,618,185
