Performance results for ./matrix/4.mtx | threads=8 | chunksize=1000
L1-dcache-loads | L1-dcache-load-misses | LLC-loads | LLC-load-misses
77,580,317,290 | 357,470,638 | 2,792,544 | 1,720,512
77,580,321,129 | 352,443,443 | 2,985,347 | 1,782,241
77,580,323,323 | 353,237,342 | 2,985,104 | 1,725,511
77,579,995,879 | 353,219,976 | 2,851,003 | 1,752,325
77,580,161,504 | 354,142,466 | 2,985,057 | 1,843,321
77,580,339,273 | 354,731,468 | 2,848,702 | 1,771,877
77,580,323,796 | 354,687,055 | 2,918,645 | 1,733,315
77,579,927,751 | 357,258,315 | 2,861,918 | 1,758,882
77,580,321,965 | 352,890,410 | 2,918,186 | 1,723,471
77,580,323,274 | 352,746,630 | 2,746,988 | 1,654,478
