Performance results for ./matrix/4.mtx | threads=4 | chunksize=1
L1-dcache-loads | L1-dcache-load-misses | LLC-loads | LLC-load-misses
77,611,260,581 | 437,810,591 | 14,193,219 | 4,437,088
77,611,259,232 | 440,467,319 | 16,939,816 | 13,707,080
77,611,259,776 | 435,599,820 | 15,581,269 | 9,462,805
77,610,959,250 | 436,364,728 | 16,874,630 | 13,448,663
77,610,419,681 | 441,248,744 | 14,890,484 | 6,675,576
77,610,924,821 | 441,578,890 | 17,593,100 | 14,275,700
77,610,959,311 | 441,505,941 | 18,660,053 | 15,233,031
77,610,660,629 | 439,296,292 | 15,865,733 | 10,325,178
77,611,259,542 | 437,496,594 | 17,408,759 | 14,087,229
77,611,259,628 | 434,425,384 | 15,494,179 | 9,390,041
