Performance results for ./matrix/3.mtx | threads=16 | chunksize=1000
L1-dcache-loads | L1-dcache-load-misses | LLC-loads | LLC-load-misses
56,149,239,212 | 1,079,314,963 | 475,018,191 | 47,466,308
56,148,945,240 | 1,078,717,866 | 475,022,288 | 49,086,377
56,149,236,214 | 1,072,378,617 | 474,656,979 | 47,746,985
56,149,147,600 | 1,071,611,964 | 474,427,672 | 49,297,677
56,149,380,630 | 1,069,653,753 | 474,582,349 | 48,629,856
56,149,127,872 | 1,071,401,991 | 474,422,434 | 49,375,524
56,149,025,530 | 1,071,614,845 | 474,657,307 | 48,222,459
56,149,208,381 | 1,070,652,301 | 474,571,765 | 49,680,817
56,149,178,558 | 1,078,547,252 | 474,823,241 | 48,402,349
56,148,837,941 | 1,071,860,574 | 474,704,047 | 49,163,672
