Performance results for ./matrix/1.mtx | threads=2 | chunksize=100
L1-dcache-loads | L1-dcache-load-misses | LLC-loads | LLC-load-misses
596,511,075 | 6,392,735 | 104,453 | 36,829
596,527,723 | 6,386,740 | 100,807 | 34,731
596,509,003 | 6,378,724 | 105,503 | 20,499
596,512,475 | 6,398,864 | 88,502 | 20,954
596,469,636 | 5,751,102 | 76,594 | 20,954
596,506,248 | 6,391,822 | 83,062 | 18,687
596,506,253 | 6,408,183 | 100,300 | 36,739
596,516,378 | 6,382,491 | 98,342 | 33,904
596,510,315 | 6,376,212 | 96,216 | 21,374
596,508,442 | 6,381,606 | 96,197 | 19,803
