Performance results for ./matrix/3.mtx | threads=16 | chunksize=1
L1-dcache-loads | L1-dcache-load-misses | LLC-loads | LLC-load-misses
56,157,353,675 | 1,075,279,606 | 480,687,780 | 53,138,112
56,157,163,808 | 1,077,158,804 | 481,116,718 | 53,996,972
56,157,490,433 | 1,094,436,256 | 481,250,719 | 54,217,199
56,157,463,584 | 1,095,226,991 | 481,581,928 | 53,219,751
56,157,285,575 | 1,092,790,514 | 481,439,633 | 53,848,131
56,157,170,718 | 1,075,793,575 | 480,771,108 | 53,651,917
56,157,290,456 | 1,075,196,597 | 481,017,632 | 53,690,692
56,157,032,148 | 1,076,938,978 | 480,733,971 | 54,187,325
56,157,170,165 | 1,074,327,843 | 480,866,091 | 53,002,637
56,157,178,831 | 1,076,405,351 | 480,806,192 | 53,754,690
