Performance results for ./matrix/3.mtx | threads=32 | chunksize=1000
L1-dcache-loads | L1-dcache-load-misses | LLC-loads | LLC-load-misses
56,157,013,875 | 1,069,554,965 | 474,517,417 | 48,677,573
56,157,953,189 | 1,070,114,648 | 474,814,278 | 48,256,495
56,158,336,925 | 1,071,966,368 | 474,862,182 | 48,674,294
56,157,461,794 | 1,076,980,505 | 475,092,022 | 47,070,128
56,158,173,822 | 1,070,521,232 | 474,656,870 | 48,577,433
56,157,823,741 | 1,072,962,642 | 474,509,593 | 47,311,207
56,158,543,930 | 1,078,654,879 | 475,055,694 | 48,051,347
56,157,381,112 | 1,068,991,440 | 474,424,116 | 48,328,184
56,157,977,420 | 1,073,055,680 | 474,537,656 | 48,509,269
56,157,858,114 | 1,082,226,734 | 474,855,369 | 47,064,970
