Performance results for ./matrix/1.mtx | threads=8 | chunksize=100
L1-dcache-loads | L1-dcache-load-misses | LLC-loads | LLC-load-misses
596,988,189 | 6,400,874 | 150,036 | 40,497
597,027,383 | 6,396,772 | 142,581 | 45,350
597,061,175 | 6,402,456 | 148,053 | 46,008
597,088,223 | 6,385,759 | 124,983 | 41,921
597,066,061 | 6,389,242 | 154,204 | 45,316
597,036,317 | 6,405,374 | 141,662 | 45,540
596,770,460 | 5,761,192 | 147,621 | 44,733
597,035,761 | 6,376,520 | 151,870 | 45,575
596,730,820 | 5,753,874 | 153,573 | 44,714
596,731,363 | 5,751,161 | 159,395 | 41,109
