Performance results for ./matrix/1.mtx | threads=4 | chunksize=100
L1-dcache-loads | L1-dcache-load-misses | LLC-loads | LLC-load-misses
596,672,805 | 6,381,995 | 113,768 | 40,686
596,672,288 | 6,389,817 | 114,552 | 39,588
596,575,370 | 5,762,007 | 104,308 | 33,845
596,559,992 | 5,758,146 | 116,225 | 41,063
596,690,589 | 6,389,452 | 126,099 | 41,102
596,693,273 | 6,381,771 | 118,574 | 39,153
596,677,894 | 6,400,610 | 117,914 | 31,493
596,690,983 | 6,374,330 | 98,604 | 31,386
596,554,289 | 5,744,892 | 112,378 | 41,775
596,676,766 | 6,396,108 | 137,872 | 39,605
