Performance results for ./matrix/5.mtx | threads=2 | chunksize=1
L1-dcache-loads | L1-dcache-load-misses | LLC-loads | LLC-load-misses
134,871,546,398 | 457,019,358 | 33,880,346 | 19,599,549
134,871,237,932 | 473,585,933 | 40,597,341 | 26,149,637
134,871,242,848 | 466,540,117 | 37,994,537 | 23,310,326
134,871,527,175 | 460,101,116 | 33,760,561 | 19,459,819
134,871,526,507 | 465,212,472 | 34,988,592 | 20,880,159
134,871,526,550 | 468,339,804 | 37,494,880 | 23,953,956
134,871,526,695 | 465,316,056 | 36,309,418 | 22,612,905
134,871,526,814 | 456,073,872 | 34,637,294 | 20,860,497
134,871,526,968 | 460,402,060 | 33,950,666 | 19,891,357
134,871,526,026 | 468,352,204 | 36,811,116 | 21,482,047
