Performance results for ./matrix/2.mtx | threads=8 | chunksize=1
L1-dcache-loads | L1-dcache-load-misses | LLC-loads | LLC-load-misses
2,938,198,955 | 36,467,016 | 921,084 | 163,410
2,938,195,837 | 36,458,534 | 766,834 | 185,950
2,937,249,397 | 32,391,791 | 602,673 | 172,704
2,937,892,076 | 36,541,823 | 738,975 | 184,935
2,938,191,094 | 36,532,020 | 729,933 | 190,362
2,937,454,967 | 32,167,058 | 639,798 | 173,702
2,937,512,152 | 31,760,465 | 589,699 | 155,702
2,938,197,647 | 36,525,330 | 688,020 | 183,927
2,938,185,410 | 36,536,095 | 765,370 | 168,452
2,939,774,105 | 36,539,635 | 715,031 | 173,803
