Performance results for ./matrix/3.mtx | threads=1 | chunksize=1000
L1-dcache-loads | L1-dcache-load-misses | LLC-loads | LLC-load-misses
56,140,135,551 | 1,079,914,993 | 475,208,111 | 53,766,683
56,140,135,831 | 1,079,979,574 | 474,737,133 | 54,514,178
56,140,136,134 | 1,062,123,590 | 474,288,277 | 54,413,666
56,140,135,895 | 1,032,716,594 | 473,497,647 | 54,045,825
56,140,136,144 | 1,078,274,377 | 474,535,056 | 53,759,739
56,140,136,261 | 1,083,469,467 | 474,746,687 | 55,471,371
56,140,136,192 | 1,078,593,211 | 474,623,998 | 55,466,776
56,140,136,073 | 1,063,887,367 | 474,454,762 | 54,507,578
56,140,135,966 | 1,061,032,627 | 474,113,788 | 54,356,515
56,140,136,167 | 1,064,295,216 | 474,258,731 | 55,215,244
