Performance results for ./matrix/4.mtx | threads=8 | chunksize=100
L1-dcache-loads | L1-dcache-load-misses | LLC-loads | LLC-load-misses
77,580,322,393 | 358,354,511 | 4,266,718 | 2,359,617
77,580,330,239 | 358,724,853 | 4,252,522 | 2,484,815
77,580,335,577 | 357,165,841 | 4,245,796 | 2,482,971
77,579,746,107 | 355,547,686 | 4,363,314 | 2,524,477
77,580,447,663 | 361,029,379 | 4,219,896 | 2,504,574
77,580,324,528 | 354,858,781 | 4,384,057 | 2,550,568
77,580,596,027 | 356,656,578 | 4,161,064 | 2,515,671
77,580,361,700 | 356,574,402 | 4,175,238 | 2,429,968
77,580,322,514 | 357,160,002 | 4,362,658 | 2,563,747
77,580,479,723 | 357,148,647 | 4,273,024 | 2,456,385
