Performance results for ./matrix/3.mtx | threads=1 | chunksize=100
L1-dcache-loads | L1-dcache-load-misses | LLC-loads | LLC-load-misses
56,140,211,210 | 1,031,270,539 | 473,473,687 | 54,229,005
56,140,211,489 | 1,031,012,528 | 473,442,036 | 55,542,776
56,140,211,056 | 1,078,417,839 | 475,088,683 | 53,595,095
56,140,211,338 | 1,080,951,930 | 475,001,089 | 54,221,771
56,140,211,090 | 1,079,007,692 | 474,800,389 | 53,338,178
56,140,211,210 | 1,079,113,025 | 475,039,089 | 54,430,323
56,140,211,131 | 1,081,248,304 | 474,539,633 | 53,738,494
56,140,211,308 | 1,079,773,557 | 474,675,781 | 54,173,769
56,140,211,104 | 1,028,301,235 | 473,165,833 | 53,925,239
56,140,211,296 | 1,032,382,794 | 473,282,227 | 54,720,433
