Performance results for ./matrix/5.mtx | threads=64 | chunksize=1
L1-dcache-loads | L1-dcache-load-misses | LLC-loads | LLC-load-misses
134,906,885,304 | 1,063,385,307 | 281,332,424 | 86,015,308
134,903,573,714 | 1,067,055,146 | 283,892,613 | 87,199,894
134,923,836,740 | 1,077,801,274 | 279,676,586 | 87,593,396
134,905,314,797 | 1,062,270,868 | 282,441,566 | 87,210,766
134,903,101,657 | 1,064,715,508 | 283,413,958 | 86,679,259
134,921,700,454 | 1,059,651,157 | 282,169,523 | 87,738,918
134,906,672,544 | 1,063,992,748 | 282,963,704 | 87,950,231
134,903,949,685 | 1,059,875,726 | 282,391,404 | 87,981,007
134,902,780,788 | 1,059,251,710 | 282,465,502 | 85,706,535
134,902,726,022 | 1,055,766,803 | 279,770,846 | 87,641,101
