Performance results for ./matrix/3.mtx | threads=32 | chunksize=100
L1-dcache-loads | L1-dcache-load-misses | LLC-loads | LLC-load-misses
56,158,422,186 | 1,071,639,609 | 474,777,552 | 49,164,543
56,157,382,637 | 1,072,113,205 | 474,824,934 | 48,385,010
56,158,186,735 | 1,071,924,489 | 475,243,547 | 49,250,041
56,158,032,422 | 1,069,150,928 | 474,577,900 | 48,123,176
56,159,224,252 | 1,078,265,226 | 475,017,919 | 48,568,062
56,158,063,145 | 1,068,793,718 | 474,624,454 | 48,109,879
56,157,585,621 | 1,070,947,746 | 474,703,363 | 48,765,046
56,159,021,652 | 1,073,041,056 | 474,782,358 | 48,014,991
56,159,047,365 | 1,070,374,398 | 474,548,700 | 48,766,625
56,157,472,786 | 1,081,954,278 | 474,983,230 | 48,352,221
