Performance results for ./matrix/3.mtx | threads=4 | chunksize=100
L1-dcache-loads | L1-dcache-load-misses | LLC-loads | LLC-load-misses
56,142,027,959 | 1,061,944,854 | 474,461,715 | 52,183,827
56,142,028,497 | 1,062,210,324 | 474,183,606 | 50,918,702
56,142,025,977 | 1,080,585,164 | 475,116,246 | 54,054,222
56,142,025,096 | 1,077,898,774 | 475,275,331 | 52,640,849
56,142,027,643 | 1,078,729,952 | 474,902,367 | 51,180,941
56,142,025,740 | 1,077,939,215 | 475,067,016 | 52,451,670
56,142,026,500 | 1,079,560,358 | 475,000,902 | 53,839,632
56,142,027,480 | 1,060,183,028 | 475,050,902 | 52,724,511
56,142,028,179 | 1,082,627,030 | 474,707,264 | 51,826,637
56,142,030,005 | 1,077,861,923 | 474,833,830 | 50,407,198
