Performance results for ./matrix/1.mtx | threads=64 | chunksize=1000
L1-dcache-loads | L1-dcache-load-misses | LLC-loads | LLC-load-misses
632,334,479 | 5,764,127 | 255,382 | 44,892
632,088,433 | 5,772,178 | 246,855 | 45,130
632,268,129 | 5,778,739 | 253,409 | 45,047
631,578,597 | 5,769,620 | 229,045 | 45,122
631,325,508 | 5,774,539 | 232,915 | 46,451
634,707,257 | 6,398,342 | 247,134 | 43,507
635,429,089 | 6,395,620 | 233,002 | 43,413
635,455,305 | 6,406,986 | 230,943 | 42,792
632,371,228 | 5,774,559 | 248,643 | 44,358
620,715,427 | 6,125,621 | 215,990 | 41,278
