Performance results for ./matrix/5.mtx | threads=8 | chunksize=1000
L1-dcache-loads | L1-dcache-load-misses | LLC-loads | LLC-load-misses
134,361,380,306 | 407,714,119 | 34,499,644 | 19,918,636
134,361,391,320 | 401,462,554 | 34,350,344 | 19,841,487
134,361,381,420 | 401,928,880 | 34,490,585 | 19,475,754
134,361,397,250 | 400,989,876 | 33,886,159 | 19,261,074
134,361,381,146 | 404,272,577 | 34,192,474 | 19,687,753
134,361,379,914 | 408,248,423 | 33,858,934 | 19,556,570
134,361,379,234 | 407,192,254 | 33,606,020 | 19,410,267
134,361,420,522 | 403,468,969 | 34,123,896 | 19,982,064
134,361,385,923 | 407,579,130 | 31,737,028 | 18,237,549
134,361,380,629 | 407,673,110 | 34,357,026 | 19,574,821
