Performance results for ./matrix/1.mtx | threads=2 | chunksize=1000
L1-dcache-loads | L1-dcache-load-misses | LLC-loads | LLC-load-misses
596,511,307 | 6,377,194 | 87,319 | 22,011
596,511,815 | 6,381,563 | 82,299 | 19,913
596,525,739 | 6,379,286 | 122,942 | 20,153
596,517,462 | 6,390,114 | 89,006 | 20,157
596,474,323 | 5,746,901 | 94,845 | 20,893
596,512,555 | 6,373,727 | 124,659 | 19,041
596,470,219 | 5,750,040 | 79,952 | 21,005
596,515,196 | 6,385,051 | 89,024 | 35,452
596,511,799 | 6,384,974 | 91,682 | 37,444
596,514,349 | 6,367,778 | 95,968 | 33,811
