Performance results for ./matrix/1.mtx | threads=32 | chunksize=1000
L1-dcache-loads | L1-dcache-load-misses | LLC-loads | LLC-load-misses
601,359,244 | 6,384,575 | 255,424 | 43,783
599,860,656 | 6,394,741 | 265,991 | 44,259
599,566,274 | 6,392,023 | 243,814 | 44,550
599,695,034 | 6,394,937 | 226,837 | 44,710
598,292,057 | 5,757,694 | 257,822 | 45,292
598,345,671 | 5,764,987 | 255,495 | 45,606
599,583,283 | 6,387,481 | 267,351 | 44,551
599,768,390 | 6,402,659 | 244,534 | 42,268
597,923,759 | 5,762,083 | 194,261 | 45,905
598,392,137 | 5,774,127 | 274,473 | 44,283
