Performance results for ./matrix/1.mtx | threads=16 | chunksize=1
L1-dcache-loads | L1-dcache-load-misses | LLC-loads | LLC-load-misses
598,234,970 | 6,642,908 | 278,564 | 95,028
597,526,344 | 6,004,271 | 315,010 | 97,214
598,308,104 | 6,636,645 | 250,051 | 92,667
598,199,970 | 6,644,167 | 248,408 | 97,065
598,237,039 | 6,626,905 | 278,844 | 102,148
598,267,183 | 6,650,044 | 260,384 | 91,263
598,267,592 | 6,645,893 | 245,645 | 96,564
597,621,976 | 6,001,555 | 225,640 | 97,948
598,205,273 | 6,638,842 | 255,044 | 94,926
598,349,507 | 6,651,225 | 255,181 | 102,892
