Performance results for ./matrix/5.mtx | threads=8 | chunksize=100
L1-dcache-loads | L1-dcache-load-misses | LLC-loads | LLC-load-misses
134,366,010,184 | 451,992,483 | 47,806,982 | 29,205,695
134,366,068,878 | 440,425,117 | 49,572,913 | 29,636,434
134,366,023,142 | 449,128,700 | 50,968,449 | 28,198,471
134,366,104,405 | 438,445,156 | 44,164,559 | 26,152,979
134,366,010,930 | 449,262,925 | 48,251,863 | 26,436,363
134,366,140,460 | 442,188,568 | 47,919,975 | 29,907,593
134,366,020,078 | 440,244,659 | 45,881,483 | 27,444,886
134,366,010,279 | 439,341,486 | 49,205,699 | 29,001,899
134,366,019,816 | 439,295,549 | 49,437,774 | 29,446,433
134,366,010,420 | 450,807,504 | 48,591,450 | 29,709,627
