Performance results for ./matrix/4.mtx | threads=1 | chunksize=1000
L1-dcache-loads | L1-dcache-load-misses | LLC-loads | LLC-load-misses
77,576,099,511 | 352,656,826 | 2,265,674 | 1,430,806
77,576,099,493 | 352,410,286 | 2,439,062 | 1,355,548
77,576,099,553 | 354,973,943 | 2,262,180 | 1,381,638
77,576,099,526 | 351,316,883 | 2,394,789 | 1,348,002
77,576,099,523 | 349,762,401 | 2,401,980 | 1,335,714
77,576,099,646 | 352,897,765 | 2,198,057 | 1,248,008
77,576,099,447 | 352,336,871 | 2,437,835 | 1,353,622
77,576,099,627 | 353,948,226 | 2,272,682 | 1,377,914
77,576,099,452 | 351,050,086 | 2,272,090 | 1,354,958
77,576,099,465 | 351,969,894 | 2,207,984 | 1,334,833
