Performance results for ./matrix/1.mtx | threads=1 | chunksize=1
L1-dcache-loads | L1-dcache-load-misses | LLC-loads | LLC-load-misses
596,550,219 | 5,745,438 | 77,599 | 22,430
596,550,225 | 6,376,187 | 103,975 | 20,301
596,550,229 | 6,380,206 | 87,275 | 21,461
596,550,244 | 6,368,389 | 94,302 | 21,949
596,550,216 | 6,381,613 | 81,652 | 18,881
596,550,216 | 5,749,361 | 80,590 | 22,914
596,550,216 | 5,756,808 | 79,077 | 21,094
596,550,220 | 5,749,527 | 77,893 | 23,426
596,550,221 | 6,379,854 | 69,213 | 20,202
596,550,223 | 6,367,526 | 78,488 | 19,122
