Performance results for ./matrix/1.mtx | threads=32 | chunksize=100
L1-dcache-loads | L1-dcache-load-misses | LLC-loads | LLC-load-misses
599,579,930 | 6,393,245 | 252,270 | 45,659
599,633,952 | 6,390,128 | 249,882 | 44,627
599,449,940 | 6,134,072 | 295,397 | 46,967
599,651,383 | 6,412,146 | 258,707 | 45,020
598,394,935 | 5,760,657 | 284,369 | 46,487
598,313,268 | 5,764,464 | 280,679 | 45,771
599,764,898 | 6,398,318 | 281,164 | 43,462
598,250,345 | 5,766,010 | 258,112 | 45,459
599,743,858 | 6,413,398 | 280,465 | 46,001
599,699,006 | 6,409,963 | 252,263 | 45,216
