Performance results for ./matrix/3.mtx | threads=16 | chunksize=100
L1-dcache-loads | L1-dcache-load-misses | LLC-loads | LLC-load-misses
56,148,583,613 | 1,060,962,767 | 474,339,285 | 48,613,702
56,149,443,827 | 1,062,842,676 | 474,314,286 | 50,308,033
56,149,441,966 | 1,072,946,499 | 474,711,463 | 48,568,236
56,149,452,339 | 1,070,456,736 | 474,465,798 | 49,583,025
56,149,445,847 | 1,072,767,403 | 474,504,846 | 49,165,819
56,148,908,182 | 1,068,860,091 | 474,669,603 | 49,582,335
56,148,706,871 | 1,071,373,475 | 474,494,721 | 48,959,617
56,148,445,712 | 1,078,663,111 | 475,279,420 | 51,505,638
56,149,337,059 | 1,072,283,428 | 474,639,144 | 47,898,784
56,149,479,817 | 1,069,912,401 | 474,663,826 | 49,189,192
