Performance results for ./matrix/1.mtx | threads=16 | chunksize=1000
L1-dcache-loads | L1-dcache-load-misses | LLC-loads | LLC-load-misses
597,812,241 | 6,404,134 | 159,137 | 44,509
597,903,572 | 6,387,274 | 208,608 | 44,872
597,811,987 | 6,399,432 | 214,260 | 42,207
597,877,500 | 6,383,209 | 213,540 | 43,683
597,760,160 | 6,402,389 | 196,996 | 41,401
597,116,607 | 5,768,880 | 193,070 | 44,520
597,208,580 | 5,748,967 | 194,398 | 44,894
597,773,003 | 6,369,897 | 193,723 | 42,269
597,904,473 | 6,392,474 | 198,993 | 41,851
597,989,698 | 6,393,747 | 200,300 | 37,937
