Performance results for ./matrix/4.mtx | threads=16 | chunksize=1000
L1-dcache-loads | L1-dcache-load-misses | LLC-loads | LLC-load-misses
77,584,679,095 | 352,109,350 | 3,142,031 | 1,891,480
77,584,480,137 | 356,208,177 | 3,020,760 | 1,807,607
77,584,739,447 | 353,030,490 | 3,012,685 | 1,796,752
77,584,924,198 | 357,440,213 | 3,087,201 | 1,872,484
77,585,205,289 | 355,917,329 | 2,889,179 | 1,758,164
77,584,476,070 | 353,440,966 | 3,079,711 | 1,797,571
77,584,681,131 | 354,412,212 | 2,999,941 | 1,848,591
77,585,061,067 | 355,082,140 | 3,091,454 | 1,906,922
77,585,268,594 | 355,466,310 | 2,979,503 | 1,842,714
77,584,753,014 | 355,551,182 | 2,833,722 | 1,766,811
