Performance results for ./matrix/4.mtx | threads=4 | chunksize=1000
L1-dcache-loads | L1-dcache-load-misses | LLC-loads | LLC-load-misses
77,577,611,349 | 353,333,289 | 2,993,995 | 1,783,192
77,577,611,016 | 353,486,891 | 2,818,708 | 1,772,003
77,577,910,435 | 352,710,197 | 2,777,443 | 1,699,443
77,577,720,036 | 353,729,626 | 2,880,117 | 1,630,424
77,577,729,490 | 351,804,985 | 2,634,542 | 1,617,937
77,577,909,466 | 352,237,486 | 2,751,263 | 1,711,051
77,577,910,186 | 353,397,566 | 2,689,399 | 1,749,650
77,577,910,386 | 352,524,125 | 2,795,958 | 1,713,202
77,577,615,933 | 354,400,442 | 2,774,779 | 1,786,066
77,577,612,664 | 353,391,726 | 2,758,907 | 1,784,883
