Performance results for ./matrix/4.mtx | threads=2 | chunksize=1
L1-dcache-loads | L1-dcache-load-misses | LLC-loads | LLC-load-misses
77,609,757,082 | 407,517,469 | 8,023,167 | 4,456,107
77,610,056,517 | 410,749,401 | 6,445,801 | 3,785,616
77,610,056,415 | 403,267,996 | 7,127,507 | 4,275,234
77,610,056,534 | 402,860,465 | 6,779,500 | 3,608,364
77,610,056,084 | 401,464,920 | 7,036,626 | 4,774,871
77,610,056,130 | 403,819,656 | 6,949,212 | 4,739,107
77,610,055,476 | 404,204,736 | 6,859,154 | 4,698,086
77,610,056,562 | 410,953,854 | 7,667,422 | 5,382,519
77,610,056,215 | 403,655,062 | 7,546,324 | 5,347,804
77,610,056,709 | 404,986,861 | 7,983,383 | 5,300,632
