Performance results for ./matrix/5.mtx | threads=16 | chunksize=100
L1-dcache-loads | L1-dcache-load-misses | LLC-loads | LLC-load-misses
134,370,872,228 | 445,332,998 | 45,883,086 | 26,816,453
134,370,866,949 | 452,468,302 | 57,858,460 | 31,570,515
134,370,899,594 | 441,774,174 | 49,987,501 | 28,992,616
134,370,945,754 | 440,799,614 | 42,304,301 | 25,654,723
134,370,902,429 | 434,939,108 | 51,510,675 | 29,427,211
134,370,874,603 | 445,766,540 | 52,281,880 | 28,383,181
134,370,895,787 | 439,213,765 | 51,519,593 | 29,096,022
134,370,928,204 | 436,721,435 | 50,351,733 | 28,855,789
134,370,860,420 | 446,782,719 | 52,059,571 | 28,853,185
134,370,905,535 | 436,777,906 | 53,057,542 | 29,061,675
