Performance results for ./matrix/4.mtx | threads=2 | chunksize=1000
L1-dcache-loads | L1-dcache-load-misses | LLC-loads | LLC-load-misses
77,576,427,751 | 356,280,337 | 2,712,141 | 1,784,037
77,576,409,565 | 351,425,109 | 2,723,186 | 1,676,466
77,576,407,454 | 350,122,895 | 2,692,706 | 1,676,176
77,576,408,379 | 353,072,199 | 2,637,612 | 1,681,901
77,576,409,101 | 356,177,800 | 2,646,536 | 1,763,352
77,576,707,017 | 351,416,786 | 2,514,663 | 1,589,013
77,576,707,079 | 354,205,453 | 2,708,884 | 1,587,180
77,576,419,375 | 354,369,958 | 2,626,589 | 1,684,707
77,576,439,280 | 350,600,119 | 2,719,919 | 1,682,998
77,576,413,404 | 355,254,868 | 2,594,905 | 1,689,065
