Performance results for ./matrix/2.mtx | threads=1 | chunksize=1000
L1-dcache-loads | L1-dcache-load-misses | LLC-loads | LLC-load-misses
2,935,329,078 | 31,857,580 | 451,483 | 76,567
2,935,329,074 | 32,013,678 | 427,913 | 81,509
2,935,329,075 | 31,793,647 | 443,839 | 79,472
2,935,329,083 | 31,818,929 | 461,238 | 80,736
2,935,329,096 | 36,360,039 | 618,278 | 86,655
2,935,329,094 | 36,229,495 | 611,603 | 87,134
2,935,329,108 | 36,270,705 | 680,297 | 86,736
2,935,329,099 | 36,268,732 | 545,601 | 85,341
2,935,329,083 | 31,520,715 | 578,388 | 82,574
2,935,329,094 | 36,184,498 | 698,808 | 82,130
