Performance results for ./matrix/4.mtx | threads=4 | chunksize=100
L1-dcache-loads | L1-dcache-load-misses | LLC-loads | LLC-load-misses
77,578,210,524 | 354,076,529 | 3,710,561 | 2,272,914
77,577,910,993 | 358,938,950 | 3,921,648 | 2,518,092
77,577,910,700 | 355,875,229 | 3,965,680 | 2,483,278
77,577,313,069 | 355,699,213 | 4,084,867 | 2,668,173
77,578,211,208 | 354,622,938 | 3,739,947 | 2,328,615
77,578,210,508 | 358,685,794 | 3,940,530 | 2,572,553
77,577,913,868 | 353,996,231 | 3,904,675 | 2,494,608
77,577,625,321 | 354,840,194 | 3,657,763 | 1,959,612
77,577,910,801 | 357,711,774 | 3,949,083 | 2,549,594
77,578,211,413 | 359,075,373 | 3,649,239 | 2,328,432
