Performance results for ./matrix/3.mtx | threads=8 | chunksize=1000
L1-dcache-loads | L1-dcache-load-misses | LLC-loads | LLC-load-misses
49,267,796,093 | 1,086,385,425 | 477,480,405 | 56,019,158
49,267,795,563 | 1,087,227,985 | 476,491,226 | 55,610,568
49,267,801,371 | 1,088,196,642 | 477,253,345 | 55,185,363
49,267,795,880 | 1,083,625,976 | 477,319,632 | 55,334,206
49,267,796,185 | 1,086,357,124 | 477,605,460 | 56,545,004
49,267,797,103 | 1,086,431,311 | 477,425,846 | 59,923,330
49,267,798,611 | 1,086,639,087 | 477,490,496 | 58,400,173
49,267,796,398 | 1,087,618,874 | 477,295,884 | 57,477,564
49,267,797,555 | 1,085,479,284 | 477,217,928 | 58,801,829
49,267,797,337 | 1,085,330,650 | 477,291,932 | 57,467,216
