Performance results for ./matrix/1.mtx | threads=8 | chunksize=1000
L1-dcache-loads | L1-dcache-load-misses | LLC-loads | LLC-load-misses
569,873,567 | 6,402,381 | 174,925 | 46,418
569,836,808 | 6,397,633 | 165,461 | 45,325
569,839,395 | 6,410,715 | 185,683 | 49,734
569,845,184 | 6,391,547 | 159,404 | 47,221
569,854,241 | 6,403,839 | 168,290 | 48,917
569,870,635 | 6,401,306 | 161,464 | 45,525
569,856,196 | 6,392,200 | 181,200 | 47,213
569,862,286 | 6,403,750 | 169,339 | 47,924
569,863,099 | 6,383,918 | 158,522 | 44,912
569,857,202 | 6,402,989 | 183,284 | 46,752
