Performance results for ./matrix/1.mtx | threads=8 | chunksize=1
L1-dcache-loads | L1-dcache-load-misses | LLC-loads | LLC-load-misses
569,859,981 | 6,393,288 | 175,128 | 47,637
569,866,566 | 6,389,757 | 176,606 | 46,604
569,852,229 | 6,404,129 | 158,191 | 46,889
569,836,751 | 6,415,705 | 167,404 | 49,152
569,860,484 | 6,401,613 | 170,019 | 45,053
569,851,419 | 6,388,577 | 178,040 | 46,833
569,859,737 | 6,386,465 | 150,595 | 44,683
569,846,127 | 6,405,583 | 165,271 | 44,979
569,855,026 | 6,400,908 | 174,365 | 46,498
569,840,712 | 6,404,782 | 170,401 | 47,276
