Performance results for ./matrix/5.mtx | threads=64 | chunksize=100
L1-dcache-loads | L1-dcache-load-misses | LLC-loads | LLC-load-misses
121,268,580,419 | 426,680,150 | 38,651,536 | 20,146,465
121,269,597,230 | 439,091,785 | 25,224,989 | 13,415,013
121,274,000,080 | 433,542,205 | 36,767,356 | 20,051,094
121,273,833,277 | 438,962,112 | 36,993,826 | 19,406,698
121,272,859,743 | 434,913,681 | 37,259,535 | 19,275,415
121,274,182,105 | 443,046,793 | 36,270,219 | 19,611,058
121,274,379,397 | 426,193,691 | 36,826,592 | 18,776,420
121,273,919,559 | 432,719,420 | 36,449,861 | 19,914,212
121,273,434,587 | 426,283,908 | 37,389,359 | 26,069,403
121,275,040,237 | 430,549,419 | 36,220,535 | 19,368,599
