Performance results for ./matrix/3.mtx | threads=32 | chunksize=1
L1-dcache-loads | L1-dcache-load-misses | LLC-loads | LLC-load-misses
49,282,391,126 | 1,089,487,581 | 477,126,200 | 54,382,454
49,282,558,861 | 1,084,687,050 | 477,797,719 | 54,862,689
49,282,361,950 | 1,089,158,596 | 477,269,511 | 54,429,148
49,282,341,129 | 1,086,241,628 | 477,703,286 | 54,667,600
49,282,578,535 | 1,085,624,949 | 477,669,215 | 57,342,459
49,282,368,660 | 1,086,670,370 | 477,116,255 | 53,568,024
49,282,067,336 | 1,086,387,280 | 476,618,062 | 53,593,178
49,282,458,517 | 1,084,080,934 | 477,218,602 | 54,188,744
49,281,708,815 | 1,085,564,464 | 477,149,147 | 53,671,513
49,282,694,319 | 1,086,565,390 | 477,884,395 | 55,356,245
