Performance results for ./matrix/5.mtx | threads=4 | chunksize=1000
L1-dcache-loads | L1-dcache-load-misses | LLC-loads | LLC-load-misses
121,220,771,711 | 451,619,763 | 34,005,566 | 25,871,826
121,220,766,455 | 452,090,999 | 33,834,938 | 25,478,334
121,220,774,948 | 451,400,256 | 34,339,276 | 25,977,881
121,220,744,393 | 434,425,901 | 34,764,299 | 17,111,164
121,220,773,957 | 431,533,756 | 35,469,351 | 26,583,555
121,220,748,785 | 442,330,663 | 34,793,373 | 18,260,539
121,220,752,256 | 436,387,091 | 35,475,612 | 17,778,818
121,220,749,537 | 435,378,527 | 35,045,772 | 17,163,083
121,220,786,174 | 439,253,532 | 35,537,463 | 27,444,527
121,220,773,981 | 442,767,343 | 34,296,508 | 26,150,686
