Performance results for ./matrix/3.mtx | threads=1 | chunksize=1
L1-dcache-loads | L1-dcache-load-misses | LLC-loads | LLC-load-misses
49,263,582,768 | 1,082,183,280 | 475,706,778 | 57,331,456
49,263,582,708 | 1,084,452,144 | 475,468,881 | 57,255,445
49,263,582,722 | 1,084,862,177 | 475,493,706 | 57,598,376
49,263,582,714 | 1,084,136,391 | 475,502,486 | 56,919,574
49,263,582,703 | 1,086,577,040 | 475,454,632 | 56,738,287
49,263,582,725 | 1,085,376,239 | 475,388,332 | 57,088,257
49,263,582,698 | 1,086,846,919 | 475,942,071 | 57,297,861
49,263,582,713 | 1,082,146,617 | 476,006,692 | 57,572,953
49,263,582,704 | 1,083,222,868 | 476,069,595 | 57,033,068
49,263,582,741 | 1,086,404,777 | 475,612,532 | 56,938,587
