Performance results for ./matrix/2.mtx | threads=1 | chunksize=1000
L1-dcache-loads | L1-dcache-load-misses | LLC-loads | LLC-load-misses
2,804,178,643 | 36,330,300 | 790,014 | 181,569
2,804,178,649 | 36,367,843 | 630,070 | 183,810
2,804,178,643 | 36,310,290 | 758,278 | 182,259
2,804,178,649 | 36,372,910 | 593,900 | 183,399
2,804,178,642 | 36,275,356 | 648,517 | 182,540
2,804,178,649 | 36,286,124 | 732,744 | 182,442
2,804,178,653 | 36,367,517 | 669,306 | 183,127
2,804,178,643 | 36,288,908 | 768,860 | 181,257
2,804,178,648 | 36,357,891 | 645,034 | 182,577
2,804,178,642 | 36,284,812 | 712,667 | 184,057
