Performance results for ./matrix/3.mtx | threads=2 | chunksize=1
L1-dcache-loads | L1-dcache-load-misses | LLC-loads | LLC-load-misses
49,264,018,365 | 1,083,762,824 | 476,319,299 | 56,147,479
49,263,888,948 | 1,084,196,367 | 475,963,516 | 55,574,216
49,264,188,695 | 1,084,525,539 | 475,555,471 | 55,525,040
49,264,188,633 | 1,083,798,784 | 475,542,474 | 55,628,427
49,264,076,106 | 1,085,199,427 | 475,922,846 | 56,008,759
49,264,188,671 | 1,082,959,508 | 475,712,000 | 55,518,917
49,263,889,110 | 1,083,633,756 | 475,774,578 | 55,976,278
49,264,188,821 | 1,088,102,017 | 475,582,554 | 56,024,797
49,264,188,951 | 1,084,484,809 | 476,097,572 | 56,700,972
49,264,188,625 | 1,083,052,237 | 475,831,477 | 55,381,827
