Performance results for ./matrix/3.mtx | threads=1 | chunksize=100
L1-dcache-loads | L1-dcache-load-misses | LLC-loads | LLC-load-misses
49,263,582,719 | 1,085,496,025 | 475,429,791 | 56,719,084
49,263,582,728 | 1,084,701,922 | 475,351,158 | 57,601,459
49,263,582,724 | 1,084,498,743 | 475,508,478 | 57,439,249
49,263,582,721 | 1,084,412,147 | 475,563,569 | 58,035,947
49,263,582,715 | 1,084,999,792 | 475,625,197 | 57,091,793
49,263,582,726 | 1,082,948,739 | 475,392,533 | 57,154,988
49,263,582,712 | 1,084,778,337 | 475,996,013 | 56,930,158
49,263,582,714 | 1,086,537,465 | 475,715,235 | 56,936,958
49,263,582,719 | 1,088,203,905 | 475,508,666 | 56,853,115
49,263,582,710 | 1,083,878,099 | 475,923,243 | 57,235,005
