Performance results for ./matrix/2.mtx | threads=2 | chunksize=1000
L1-dcache-loads | L1-dcache-load-misses | LLC-loads | LLC-load-misses
2,804,304,316 | 36,335,120 | 703,611 | 191,361
2,804,306,382 | 36,324,176 | 709,695 | 192,792
2,804,302,529 | 36,366,253 | 750,663 | 192,076
2,804,314,594 | 36,328,410 | 673,400 | 194,055
2,804,312,586 | 36,398,609 | 588,241 | 194,089
2,804,304,556 | 36,392,425 | 652,315 | 194,053
2,804,305,318 | 36,317,857 | 741,563 | 193,317
2,804,304,093 | 36,339,930 | 739,031 | 191,835
2,804,303,548 | 36,319,111 | 858,415 | 191,328
2,804,306,576 | 36,368,048 | 692,075 | 192,428
