Performance results for ./matrix/1.mtx | threads=32 | chunksize=1
L1-dcache-loads | L1-dcache-load-misses | LLC-loads | LLC-load-misses
584,232,840 | 6,419,923 | 299,720 | 52,305
570,528,577 | 6,425,305 | 290,744 | 52,972
583,345,835 | 6,406,973 | 272,771 | 49,847
570,799,375 | 6,411,971 | 285,076 | 56,600
570,613,478 | 6,431,629 | 295,244 | 52,926
570,617,009 | 6,410,497 | 311,758 | 53,104
574,467,632 | 6,417,752 | 269,559 | 54,013
570,553,095 | 6,416,274 | 324,463 | 53,027
572,014,856 | 6,411,241 | 289,913 | 51,206
570,615,258 | 6,413,149 | 299,276 | 51,741
