Performance results for ./matrix/4.mtx | threads=64 | chunksize=1000
L1-dcache-loads | L1-dcache-load-misses | LLC-loads | LLC-load-misses
68,897,493,690 | 350,614,673 | 3,713,475 | 1,967,559
68,897,177,821 | 351,011,087 | 4,358,059 | 2,592,346
68,897,461,754 | 351,711,957 | 3,901,529 | 2,066,797
68,896,613,471 | 350,691,540 | 4,369,772 | 2,546,285
68,897,377,414 | 348,402,261 | 3,765,160 | 2,016,602
68,896,743,291 | 349,329,569 | 3,773,369 | 2,035,976
68,897,559,298 | 347,088,810 | 3,976,812 | 2,088,267
68,896,609,641 | 348,122,223 | 3,884,777 | 2,035,042
68,896,648,209 | 347,266,792 | 4,713,113 | 2,784,463
68,896,584,975 | 351,940,505 | 3,766,778 | 2,010,825
