Performance results for ./matrix/5.mtx | threads=32 | chunksize=100
L1-dcache-loads | L1-dcache-load-misses | LLC-loads | LLC-load-misses
121,243,617,410 | 436,301,367 | 38,060,417 | 27,433,796
121,244,158,316 | 435,240,554 | 35,883,436 | 25,265,928
121,244,374,669 | 437,268,539 | 37,621,849 | 21,219,808
121,244,710,121 | 437,065,094 | 36,843,283 | 20,527,678
121,245,080,792 | 428,775,429 | 35,885,038 | 18,774,603
121,244,799,690 | 438,776,836 | 36,115,884 | 19,452,331
121,244,206,514 | 446,755,265 | 38,180,555 | 23,092,763
121,245,218,284 | 441,780,838 | 25,216,691 | 13,910,745
121,244,833,648 | 430,789,669 | 36,162,112 | 19,460,395
121,245,409,147 | 423,378,939 | 36,585,828 | 18,834,681
