Performance results for ./matrix/1.mtx | threads=16 | chunksize=1000
L1-dcache-loads | L1-dcache-load-misses | LLC-loads | LLC-load-misses
570,071,354 | 6,400,363 | 214,730 | 46,724
570,052,568 | 6,406,258 | 232,277 | 51,772
570,087,455 | 6,391,324 | 215,632 | 50,356
570,094,646 | 6,398,425 | 245,358 | 46,689
570,100,930 | 6,382,959 | 208,242 | 48,152
570,094,674 | 6,398,146 | 208,854 | 49,335
570,059,960 | 6,384,394 | 205,484 | 48,033
570,076,025 | 6,392,686 | 209,963 | 47,720
570,101,317 | 6,406,819 | 222,721 | 46,857
570,061,692 | 6,386,215 | 195,401 | 48,674
