Performance results for ./matrix/5.mtx | threads=64 | chunksize=1
L1-dcache-loads | L1-dcache-load-misses | LLC-loads | LLC-load-misses
121,273,877,414 | 440,088,187 | 36,035,623 | 19,264,877
121,273,371,991 | 438,170,961 | 35,893,359 | 20,069,291
121,273,813,853 | 434,570,574 | 36,024,411 | 19,630,357
121,269,026,650 | 440,713,029 | 25,254,607 | 14,254,178
121,268,558,062 | 444,194,714 | 25,297,221 | 13,604,064
121,268,864,730 | 441,227,926 | 25,217,832 | 13,752,298
121,268,448,112 | 441,851,533 | 25,229,403 | 13,776,321
121,268,462,289 | 445,783,789 | 27,094,832 | 14,126,676
121,268,374,509 | 441,874,956 | 25,337,966 | 13,883,602
121,268,329,083 | 440,451,615 | 35,620,368 | 17,689,361
