Performance results for ./matrix/4.mtx | threads=1 | chunksize=1
L1-dcache-loads | L1-dcache-load-misses | LLC-loads | LLC-load-misses
68,845,873,979 | 348,201,325 | 4,606,268 | 2,290,198
68,845,874,439 | 350,686,637 | 3,504,594 | 1,608,750
68,845,874,455 | 348,166,779 | 3,955,266 | 2,107,846
68,845,874,540 | 349,298,455 | 4,020,934 | 2,113,518
68,845,874,151 | 351,310,452 | 4,006,991 | 2,121,260
68,845,874,442 | 347,448,554 | 3,995,379 | 2,118,563
68,845,874,123 | 353,076,140 | 4,045,207 | 2,140,159
68,845,874,682 | 351,937,220 | 3,499,356 | 1,632,039
68,845,874,136 | 351,291,251 | 4,054,256 | 2,191,967
68,845,874,570 | 348,325,215 | 4,006,335 | 2,169,217
