Performance results for ./matrix/5.mtx | threads=2 | chunksize=1000
L1-dcache-loads | L1-dcache-load-misses | LLC-loads | LLC-load-misses
121,219,537,542 | 441,986,595 | 24,954,550 | 13,235,398
121,219,537,947 | 434,746,554 | 34,662,398 | 18,433,857
121,219,537,862 | 442,696,699 | 25,039,694 | 13,208,907
121,219,537,284 | 435,386,156 | 34,544,394 | 18,442,998
121,219,535,054 | 436,817,416 | 35,053,425 | 18,743,536
121,219,538,030 | 434,305,814 | 34,846,441 | 18,578,788
121,219,534,691 | 428,965,444 | 34,755,572 | 18,254,283
121,219,539,038 | 439,972,327 | 34,938,812 | 19,875,859
121,219,538,463 | 439,599,323 | 34,921,529 | 18,419,255
121,219,561,258 | 443,248,833 | 34,416,380 | 26,139,570
