Performance results for ./matrix/2.mtx | threads=8 | chunksize=1
L1-dcache-loads | L1-dcache-load-misses | LLC-loads | LLC-load-misses
2,805,036,966 | 36,261,599 | 854,527 | 199,412
2,804,997,798 | 36,318,106 | 685,728 | 196,621
2,804,993,875 | 36,319,200 | 746,598 | 203,273
2,804,984,117 | 36,359,866 | 710,762 | 204,078
2,804,991,926 | 36,424,427 | 759,738 | 201,568
2,804,982,602 | 36,323,689 | 873,591 | 202,663
2,804,982,985 | 36,288,775 | 743,198 | 202,307
2,805,066,094 | 36,318,637 | 746,480 | 202,294
2,805,032,807 | 36,331,062 | 926,877 | 199,586
2,804,983,318 | 36,334,706 | 858,228 | 202,526
