Performance results for ./matrix/1.mtx | threads=16 | chunksize=1
L1-dcache-loads | L1-dcache-load-misses | LLC-loads | LLC-load-misses
570,100,510 | 6,400,292 | 220,479 | 48,551
570,045,276 | 6,398,731 | 216,087 | 46,534
570,089,239 | 6,398,611 | 225,470 | 49,770
570,060,242 | 6,414,628 | 222,641 | 50,630
570,201,621 | 6,427,128 | 240,454 | 54,598
570,096,201 | 6,392,998 | 219,909 | 48,943
570,087,342 | 6,391,674 | 225,195 | 48,361
570,055,167 | 6,425,321 | 229,171 | 48,856
570,081,559 | 6,406,914 | 217,166 | 49,063
570,056,445 | 6,404,786 | 211,011 | 49,812
