Performance results for ./matrix/4.mtx | threads=32 | chunksize=1
L1-dcache-loads | L1-dcache-load-misses | LLC-loads | LLC-load-misses
68,864,825,482 | 349,967,494 | 3,802,003 | 1,970,601
68,865,236,347 | 349,558,964 | 4,139,230 | 2,379,193
68,865,430,800 | 350,902,639 | 3,646,677 | 1,898,984
68,865,596,584 | 348,004,400 | 4,371,390 | 2,515,899
68,864,708,611 | 346,072,964 | 4,329,186 | 2,497,672
68,865,248,064 | 350,829,203 | 4,146,356 | 2,436,402
68,865,393,673 | 346,680,936 | 3,826,588 | 2,029,194
68,865,453,923 | 348,622,226 | 3,696,279 | 1,919,459
68,865,437,367 | 348,923,337 | 4,478,258 | 2,618,219
68,865,248,710 | 349,185,998 | 3,569,938 | 1,790,975
