Performance results for ./matrix/4.mtx | threads=2 | chunksize=100
L1-dcache-loads | L1-dcache-load-misses | LLC-loads | LLC-load-misses
68,846,482,084 | 348,268,195 | 3,576,034 | 1,625,984
68,846,481,476 | 351,035,446 | 3,498,784 | 1,632,760
68,846,477,096 | 347,837,289 | 3,993,210 | 2,123,300
68,846,481,737 | 349,414,016 | 4,101,259 | 2,246,481
68,846,481,108 | 349,864,091 | 3,959,827 | 2,128,792
68,846,481,593 | 349,950,535 | 4,028,326 | 2,124,545
68,846,477,085 | 350,884,193 | 4,028,184 | 2,206,009
68,846,481,435 | 351,378,133 | 4,262,170 | 2,345,660
68,846,480,900 | 352,778,260 | 4,202,200 | 2,310,610
68,846,481,320 | 348,822,414 | 4,131,103 | 2,217,805
