Performance results for ./matrix/2.mtx | threads=4 | chunksize=1
L1-dcache-loads | L1-dcache-load-misses | LLC-loads | LLC-load-misses
2,804,544,957 | 36,287,514 | 668,289 | 205,694
2,804,540,170 | 36,297,484 | 636,259 | 200,466
2,804,544,270 | 36,319,777 | 695,148 | 203,986
2,804,565,896 | 36,404,011 | 745,761 | 201,499
2,804,551,658 | 36,291,655 | 637,867 | 204,794
2,804,543,918 | 36,303,956 | 747,508 | 203,523
2,804,574,568 | 36,366,221 | 806,550 | 201,851
2,804,546,455 | 36,305,332 | 851,301 | 202,826
2,804,545,710 | 36,347,868 | 712,583 | 201,833
2,804,572,330 | 36,306,085 | 660,757 | 202,282
