Performance results for ./matrix/3.mtx | threads=4 | chunksize=1
L1-dcache-loads | L1-dcache-load-misses | LLC-loads | LLC-load-misses
49,265,390,143 | 1,085,040,908 | 477,026,297 | 57,554,505
49,265,390,887 | 1,084,357,030 | 477,706,486 | 57,417,363
49,265,390,301 | 1,085,520,932 | 477,154,599 | 57,468,250
49,265,390,592 | 1,086,172,098 | 477,156,099 | 57,504,775
49,265,401,277 | 1,083,683,781 | 477,607,010 | 57,380,689
49,265,391,538 | 1,085,380,893 | 476,862,560 | 56,016,347
49,265,390,502 | 1,087,130,046 | 477,026,533 | 57,568,801
49,265,390,714 | 1,086,364,390 | 476,765,535 | 57,391,326
49,265,390,499 | 1,083,698,284 | 477,185,996 | 57,235,970
49,265,390,631 | 1,086,365,307 | 476,500,608 | 57,296,712
