Performance results for ./matrix/4.mtx | threads=8 | chunksize=1000
L1-dcache-loads | L1-dcache-load-misses | LLC-loads | LLC-load-misses
68,850,133,474 | 347,180,968 | 4,177,109 | 2,349,648
68,850,137,152 | 353,047,388 | 4,276,270 | 2,469,260
68,850,130,318 | 348,570,561 | 4,032,757 | 2,292,440
68,850,126,592 | 350,337,493 | 4,137,410 | 2,303,495
68,850,141,396 | 350,143,003 | 4,092,751 | 2,292,142
68,850,132,796 | 350,190,196 | 4,116,876 | 2,279,730
68,850,135,692 | 352,871,748 | 4,004,464 | 2,187,607
68,850,126,473 | 348,734,310 | 4,133,516 | 2,324,120
68,850,133,317 | 345,322,503 | 4,186,904 | 2,331,944
68,850,132,590 | 346,637,889 | 4,136,193 | 2,288,226
