Performance results for ./matrix/5.mtx | threads=1 | chunksize=100
L1-dcache-loads | L1-dcache-load-misses | LLC-loads | LLC-load-misses
121,218,966,737 | 427,551,742 | 36,195,157 | 27,154,140
121,218,949,755 | 436,057,207 | 35,562,674 | 25,300,183
121,218,953,891 | 440,195,084 | 34,759,412 | 24,660,466
121,218,949,240 | 434,400,492 | 34,710,999 | 24,379,818
121,218,953,345 | 437,537,898 | 34,899,224 | 25,017,596
121,218,953,996 | 438,961,573 | 35,284,465 | 25,414,134
121,218,957,957 | 424,328,935 | 36,163,375 | 26,547,522
121,218,951,936 | 434,849,188 | 35,112,581 | 24,981,186
121,218,950,220 | 439,719,397 | 35,594,902 | 25,125,581
121,218,950,988 | 440,366,553 | 35,123,069 | 24,759,625
