Performance results for ./matrix/1.mtx | threads=4 | chunksize=1000
L1-dcache-loads | L1-dcache-load-misses | LLC-loads | LLC-load-misses
569,755,968 | 6,382,155 | 159,772 | 45,844
569,762,480 | 6,391,724 | 152,876 | 45,405
569,761,874 | 6,411,430 | 150,030 | 45,059
569,770,312 | 6,401,062 | 145,551 | 46,656
569,758,712 | 6,410,244 | 148,364 | 48,588
569,755,240 | 6,392,014 | 128,018 | 45,876
569,755,791 | 6,394,306 | 142,712 | 48,407
569,760,958 | 6,407,363 | 129,490 | 46,105
569,764,219 | 6,388,099 | 154,738 | 46,365
569,758,914 | 6,403,161 | 137,841 | 48,138
