Performance results for ./matrix/5.mtx | threads=8 | chunksize=100
L1-dcache-loads | L1-dcache-load-misses | LLC-loads | LLC-load-misses
121,223,240,987 | 449,620,586 | 35,377,742 | 26,737,786
121,223,242,592 | 447,349,605 | 36,678,270 | 27,956,615
121,223,332,366 | 420,696,753 | 37,550,520 | 26,360,554
121,223,221,497 | 441,681,982 | 35,538,293 | 26,102,546
121,223,221,465 | 436,208,312 | 35,305,656 | 25,014,160
121,223,227,825 | 432,776,911 | 34,663,205 | 24,463,142
121,223,213,755 | 431,007,471 | 35,207,808 | 25,211,643
121,223,263,598 | 434,657,301 | 35,851,295 | 25,689,506
121,223,237,284 | 433,475,345 | 36,350,353 | 26,722,272
121,223,224,074 | 429,045,052 | 36,272,378 | 26,179,126
