Performance results for ./matrix/5.mtx | threads=8 | chunksize=1
L1-dcache-loads | L1-dcache-load-misses | LLC-loads | LLC-load-misses
121,223,223,105 | 449,570,723 | 34,795,044 | 24,140,710
121,223,224,990 | 440,709,501 | 30,540,412 | 23,249,861
121,223,187,950 | 440,186,138 | 25,607,881 | 16,320,272
121,223,187,608 | 443,073,353 | 25,114,558 | 15,231,961
121,223,193,870 | 440,553,017 | 25,143,053 | 14,358,926
121,223,182,015 | 441,531,814 | 26,742,564 | 19,142,149
121,223,243,547 | 421,553,882 | 35,078,541 | 23,656,026
121,223,222,866 | 414,970,028 | 36,403,964 | 23,340,578
121,223,212,382 | 435,394,648 | 36,833,611 | 28,253,558
121,223,273,687 | 435,921,524 | 36,721,576 | 28,144,213
