Performance results for ./matrix/3.mtx | threads=16 | chunksize=100
L1-dcache-loads | L1-dcache-load-misses | LLC-loads | LLC-load-misses
49,272,618,241 | 1,087,424,992 | 477,953,530 | 56,368,403
49,272,617,297 | 1,086,024,642 | 478,108,852 | 56,691,380
49,272,655,974 | 1,086,912,291 | 477,874,395 | 55,039,594
49,272,382,311 | 1,087,059,936 | 477,186,090 | 54,334,177
49,272,530,610 | 1,086,037,234 | 477,112,894 | 53,716,019
49,272,616,395 | 1,086,248,593 | 478,044,463 | 56,396,403
49,272,614,462 | 1,086,423,975 | 476,688,577 | 55,639,693
49,272,619,121 | 1,086,106,504 | 477,660,354 | 62,152,209
49,272,186,144 | 1,084,921,007 | 477,736,771 | 56,552,227
49,272,532,043 | 1,085,862,652 | 476,949,426 | 54,285,218
