Performance results for ./matrix/1.mtx | threads=2 | chunksize=1
L1-dcache-loads | L1-dcache-load-misses | LLC-loads | LLC-load-misses
569,708,091 | 6,394,081 | 127,485 | 35,001
569,708,759 | 6,398,455 | 111,557 | 34,715
569,708,147 | 6,381,285 | 112,513 | 35,169
569,709,016 | 6,389,859 | 108,447 | 34,947
569,708,281 | 6,400,587 | 136,571 | 38,270
569,710,854 | 6,395,789 | 113,600 | 35,860
569,708,072 | 6,389,099 | 109,898 | 35,071
569,708,503 | 6,404,464 | 105,496 | 34,894
569,708,766 | 6,376,645 | 114,735 | 34,934
569,708,819 | 6,406,235 | 134,334 | 38,841
