Performance results for ./matrix/1.mtx | threads=32 | chunksize=1000
L1-dcache-loads | L1-dcache-load-misses | LLC-loads | LLC-load-misses
570,741,970 | 6,408,784 | 287,013 | 51,888
584,666,634 | 6,406,499 | 262,757 | 49,184
570,705,646 | 6,395,876 | 283,147 | 53,066
570,738,563 | 6,416,351 | 289,097 | 52,095
570,824,275 | 6,422,011 | 290,963 | 53,093
570,689,302 | 6,412,701 | 295,086 | 54,465
570,761,368 | 6,434,437 | 298,256 | 52,808
570,719,002 | 6,426,337 | 282,532 | 51,206
570,740,859 | 6,406,782 | 280,393 | 52,117
570,690,976 | 6,418,538 | 281,360 | 51,835
