Performance results for ./matrix/3.mtx | threads=64 | chunksize=1
L1-dcache-loads | L1-dcache-load-misses | LLC-loads | LLC-load-misses
49,263,638,032 | 1,086,997,394 | 478,266,237 | 54,861,663
49,263,638,033 | 1,087,198,230 | 478,425,558 | 54,703,837
49,263,638,407 | 1,087,573,160 | 478,501,764 | 55,258,857
49,263,638,302 | 1,085,873,859 | 478,348,134 | 54,489,339
49,263,638,399 | 1,088,679,341 | 478,323,824 | 54,593,492
49,263,638,386 | 1,088,099,667 | 477,790,757 | 55,556,814
49,263,638,120 | 1,087,004,857 | 478,086,102 | 54,459,229
49,263,638,654 | 1,088,248,866 | 477,823,597 | 54,704,846
49,263,639,681 | 1,091,946,298 | 477,751,325 | 54,801,903
49,263,641,696 | 1,087,329,320 | 477,801,297 | 54,310,457
