Performance results for ./matrix/2.mtx | threads=2 | chunksize=1
L1-dcache-loads | L1-dcache-load-misses | LLC-loads | LLC-load-misses
2,804,316,466 | 36,365,365 | 810,751 | 191,540
2,804,303,401 | 36,326,997 | 645,002 | 190,498
2,804,319,386 | 36,276,075 | 635,535 | 194,378
2,804,331,219 | 36,293,274 | 740,931 | 192,275
2,804,300,040 | 36,248,324 | 699,638 | 194,144
2,804,303,853 | 36,340,210 | 692,759 | 191,712
2,804,304,185 | 36,300,982 | 705,883 | 191,631
2,804,304,181 | 36,294,673 | 721,361 | 190,820
2,804,303,680 | 36,264,056 | 690,150 | 191,026
2,804,303,771 | 36,304,280 | 786,890 | 193,330
