Performance results for ./matrix/5.mtx | threads=64 | chunksize=1000
L1-dcache-loads | L1-dcache-load-misses | LLC-loads | LLC-load-misses
121,272,961,526 | 422,583,780 | 39,186,718 | 21,584,336
121,273,591,914 | 431,805,731 | 35,663,336 | 19,492,172
121,273,681,697 | 433,155,359 | 35,941,323 | 18,969,738
121,273,405,091 | 442,486,170 | 25,115,187 | 13,596,107
121,273,525,077 | 435,899,055 | 35,962,595 | 18,710,664
121,273,997,190 | 420,737,350 | 35,902,223 | 18,856,283
121,273,889,094 | 438,130,126 | 25,331,778 | 14,308,975
121,273,644,175 | 430,420,861 | 36,150,178 | 18,873,175
121,274,057,737 | 434,252,419 | 36,466,888 | 18,605,503
121,273,560,937 | 435,163,290 | 36,375,609 | 18,940,208
