Performance results for ./matrix/5.mtx | threads=2 | chunksize=100
L1-dcache-loads | L1-dcache-load-misses | LLC-loads | LLC-load-misses
121,219,537,970 | 431,306,989 | 25,426,065 | 16,099,978
121,219,541,668 | 443,870,371 | 35,089,051 | 19,200,371
121,219,539,515 | 434,832,772 | 34,763,962 | 20,008,432
121,219,379,763 | 427,103,369 | 35,312,070 | 21,776,472
121,219,545,079 | 436,377,447 | 34,810,738 | 20,608,543
121,219,535,349 | 438,631,352 | 25,393,667 | 15,663,483
121,219,550,358 | 440,225,952 | 35,035,184 | 21,522,630
121,219,549,810 | 438,018,332 | 34,913,839 | 21,154,542
121,219,549,328 | 441,098,257 | 35,019,387 | 21,761,587
121,219,543,517 | 430,368,930 | 34,885,829 | 20,350,950
