Performance results for ./matrix/1.mtx | threads=8 | chunksize=100
L1-dcache-loads | L1-dcache-load-misses | LLC-loads | LLC-load-misses
569,860,675 | 6,386,916 | 177,415 | 48,132
569,859,291 | 6,401,093 | 174,401 | 45,794
569,851,262 | 6,391,451 | 157,835 | 44,734
569,855,509 | 6,398,734 | 161,517 | 45,730
569,866,577 | 6,403,669 | 202,474 | 44,713
569,858,090 | 6,395,885 | 158,229 | 45,147
569,854,941 | 6,386,798 | 171,546 | 45,591
569,858,456 | 6,385,036 | 163,537 | 47,213
569,848,340 | 6,397,306 | 177,380 | 44,825
569,845,273 | 6,397,078 | 194,972 | 47,727
