Performance results for ./matrix/4.mtx | threads=32 | chunksize=1000
L1-dcache-loads | L1-dcache-load-misses | LLC-loads | LLC-load-misses
68,865,417,138 | 350,351,361 | 4,164,127 | 2,413,482
68,865,646,888 | 347,571,694 | 4,089,370 | 2,369,330
68,865,450,364 | 353,194,470 | 4,121,411 | 2,389,487
68,865,029,770 | 347,359,770 | 4,474,910 | 2,668,934
68,865,397,045 | 351,572,631 | 4,158,886 | 2,387,744
68,865,353,263 | 350,201,348 | 3,658,698 | 1,914,162
68,865,370,340 | 349,813,317 | 3,809,872 | 2,021,409
68,872,736,334 | 347,467,153 | 3,551,057 | 1,840,489
68,865,408,611 | 351,176,865 | 3,331,606 | 1,622,452
68,871,307,925 | 347,892,386 | 3,410,956 | 1,561,799
