Performance results for ./matrix/4.mtx | threads=1 | chunksize=100
L1-dcache-loads | L1-dcache-load-misses | LLC-loads | LLC-load-misses
68,845,874,755 | 349,927,760 | 3,517,934 | 1,618,682
68,845,874,622 | 345,935,703 | 4,029,791 | 2,122,206
68,845,874,466 | 349,717,948 | 3,470,683 | 1,606,311
68,845,874,817 | 351,979,624 | 3,529,584 | 1,616,462
68,845,874,668 | 349,275,100 | 4,008,865 | 2,129,291
68,845,874,615 | 349,414,154 | 4,167,180 | 2,345,388
68,845,874,444 | 349,848,679 | 4,086,559 | 2,129,259
68,845,874,644 | 347,848,258 | 3,992,078 | 2,113,088
68,845,874,583 | 350,063,864 | 3,993,647 | 2,145,685
68,845,874,689 | 348,809,116 | 4,278,198 | 2,333,513
