Performance results for ./matrix/3.mtx | threads=16 | chunksize=1
L1-dcache-loads | L1-dcache-load-misses | LLC-loads | LLC-load-misses
49,272,359,602 | 1,087,186,988 | 477,723,234 | 59,763,172
49,272,036,272 | 1,084,472,970 | 477,973,296 | 59,373,985
49,272,459,584 | 1,086,764,916 | 476,978,773 | 59,119,291
49,272,481,793 | 1,088,809,767 | 476,662,753 | 54,451,387
49,272,535,189 | 1,083,508,488 | 477,538,468 | 58,567,681
49,272,306,131 | 1,087,063,572 | 476,907,282 | 58,481,318
49,268,174,427 | 1,082,432,141 | 473,511,052 | 54,038,112
49,272,637,052 | 1,086,577,467 | 477,935,516 | 56,507,769
49,272,280,620 | 1,086,172,387 | 477,483,482 | 55,929,815
49,272,561,114 | 1,087,961,179 | 477,322,349 | 54,831,010
