Performance results for ./matrix/5.mtx | threads=16 | chunksize=1000
L1-dcache-loads | L1-dcache-load-misses | LLC-loads | LLC-load-misses
121,228,251,721 | 437,571,558 | 35,625,901 | 25,347,667
121,231,318,465 | 432,145,278 | 36,438,222 | 27,129,997
121,229,308,536 | 434,337,024 | 35,667,136 | 26,083,334
121,228,706,363 | 422,754,628 | 38,399,485 | 28,216,158
121,228,531,555 | 446,006,782 | 36,219,457 | 26,072,382
121,228,331,441 | 439,080,689 | 36,553,360 | 26,555,446
121,228,222,215 | 444,550,209 | 35,700,488 | 25,859,724
121,228,328,643 | 431,195,102 | 38,334,192 | 27,907,228
121,229,833,220 | 436,328,796 | 35,755,178 | 26,522,799
121,228,425,692 | 434,212,860 | 37,497,384 | 26,626,847
