Performance results for ./matrix/4.mtx | threads=4 | chunksize=100
L1-dcache-loads | L1-dcache-load-misses | LLC-loads | LLC-load-misses
68,847,690,753 | 347,774,405 | 4,042,945 | 2,127,830
68,847,692,011 | 351,312,298 | 4,252,235 | 2,369,021
68,847,693,259 | 350,977,457 | 3,523,377 | 1,634,909
68,847,692,970 | 352,707,755 | 4,127,977 | 2,189,981
68,847,696,493 | 352,906,357 | 4,150,130 | 2,235,642
68,847,691,631 | 351,677,456 | 3,570,449 | 1,656,193
68,847,697,722 | 353,173,957 | 4,199,172 | 2,280,443
68,847,690,559 | 349,173,797 | 4,097,165 | 2,183,625
68,847,692,672 | 352,681,279 | 4,278,338 | 2,364,674
68,847,691,064 | 351,193,628 | 4,280,825 | 2,355,838
