Performance results for ./matrix/1.mtx | threads=32 | chunksize=100
L1-dcache-loads | L1-dcache-load-misses | LLC-loads | LLC-load-misses
586,074,965 | 6,434,365 | 257,860 | 53,507
570,614,598 | 6,413,110 | 298,227 | 52,182
570,693,199 | 6,407,501 | 279,623 | 52,459
570,592,493 | 6,394,407 | 342,460 | 51,659
571,978,638 | 6,412,380 | 279,060 | 53,524
570,547,191 | 6,403,113 | 294,336 | 50,083
570,667,299 | 6,390,363 | 291,563 | 52,301
570,614,095 | 6,422,008 | 276,656 | 52,532
570,681,722 | 6,412,769 | 301,454 | 52,555
570,577,670 | 6,420,022 | 282,113 | 51,116
