Performance results for ./matrix/5.mtx | threads=8 | chunksize=1000
L1-dcache-loads | L1-dcache-load-misses | LLC-loads | LLC-load-misses
121,223,256,569 | 435,454,708 | 36,418,831 | 27,205,192
121,223,237,901 | 439,320,642 | 34,583,815 | 24,237,328
121,223,224,351 | 437,612,880 | 35,727,767 | 25,695,862
121,223,261,705 | 435,069,238 | 37,031,896 | 28,734,159
121,223,230,779 | 433,125,250 | 36,760,576 | 27,823,811
121,223,219,323 | 442,388,214 | 36,104,999 | 26,339,799
121,223,246,555 | 442,025,269 | 36,129,438 | 27,569,073
121,223,241,497 | 443,063,169 | 36,842,504 | 28,283,990
121,223,323,319 | 447,243,853 | 38,559,692 | 28,171,426
121,223,237,149 | 438,446,291 | 35,837,402 | 24,061,738
