Performance results for ./matrix/4.mtx | threads=1 | chunksize=1000
L1-dcache-loads | L1-dcache-load-misses | LLC-loads | LLC-load-misses
68,845,874,550 | 348,621,989 | 4,156,751 | 2,296,191
68,845,874,113 | 352,326,388 | 4,042,576 | 2,199,115
68,845,874,612 | 352,379,676 | 3,527,681 | 1,649,253
68,845,874,453 | 351,047,926 | 4,076,209 | 2,122,763
68,845,874,665 | 348,399,592 | 3,542,766 | 1,626,400
68,845,874,142 | 351,510,753 | 4,036,582 | 2,194,444
68,845,874,512 | 349,409,666 | 3,496,719 | 1,612,585
68,845,874,605 | 349,682,779 | 4,054,161 | 2,151,703
68,845,874,647 | 351,309,687 | 3,480,226 | 1,621,249
68,845,874,338 | 347,177,121 | 3,954,989 | 2,120,076
