Performance results for ./matrix/1.mtx | threads=64 | chunksize=1
L1-dcache-loads | L1-dcache-load-misses | LLC-loads | LLC-load-misses
569,739,666 | 6,414,691 | 289,428 | 56,834
569,736,569 | 6,430,575 | 286,354 | 57,380
569,735,476 | 6,421,877 | 332,399 | 59,893
569,738,442 | 6,423,776 | 289,879 | 57,622
569,736,122 | 6,428,151 | 310,223 | 57,248
569,733,172 | 6,419,485 | 284,155 | 55,952
569,735,322 | 6,423,226 | 279,180 | 56,644
569,734,623 | 6,422,838 | 307,695 | 56,827
569,731,434 | 6,436,233 | 255,155 | 57,227
569,737,912 | 6,433,832 | 300,684 | 57,398
