Performance results for ./matrix/3.mtx | threads=2 | chunksize=100
L1-dcache-loads | L1-dcache-load-misses | LLC-loads | LLC-load-misses
49,264,188,594 | 1,082,339,392 | 475,857,196 | 55,651,280
49,264,188,801 | 1,087,358,425 | 475,900,569 | 57,166,205
49,263,905,531 | 1,083,318,350 | 476,038,689 | 56,241,962
49,264,188,500 | 1,085,050,355 | 476,047,941 | 56,212,395
49,263,894,662 | 1,083,885,949 | 476,859,039 | 56,279,770
49,263,899,609 | 1,085,597,993 | 476,545,807 | 55,686,956
49,264,188,970 | 1,084,551,568 | 476,061,231 | 55,695,135
49,264,188,839 | 1,088,647,285 | 475,883,587 | 56,847,366
49,264,189,077 | 1,083,625,084 | 475,800,237 | 57,186,316
49,263,888,686 | 1,084,666,980 | 475,612,229 | 55,433,240
