Performance results for ./matrix/2.mtx | threads=16 | chunksize=1000
L1-dcache-loads | L1-dcache-load-misses | LLC-loads | LLC-load-misses
2,805,890,186 | 36,359,814 | 820,420 | 203,790
2,806,027,683 | 36,288,326 | 785,778 | 202,780
2,806,014,543 | 36,438,031 | 727,084 | 204,969
2,805,918,660 | 36,318,337 | 779,586 | 202,468
2,805,938,938 | 36,407,298 | 803,035 | 204,116
2,805,984,795 | 36,285,913 | 778,641 | 201,710
2,806,035,178 | 36,405,186 | 950,357 | 204,181
2,806,012,988 | 36,358,074 | 757,220 | 203,918
2,805,920,791 | 36,271,260 | 737,585 | 201,575
2,805,921,805 | 36,357,236 | 756,233 | 204,034
