Performance results for ./matrix/5.mtx | threads=16 | chunksize=100
L1-dcache-loads | L1-dcache-load-misses | LLC-loads | LLC-load-misses
121,230,508,943 | 420,248,618 | 35,887,015 | 24,793,506
121,228,494,099 | 440,188,191 | 36,079,697 | 26,250,090
121,229,367,709 | 422,915,147 | 37,518,612 | 27,710,677
121,231,617,716 | 418,473,061 | 36,056,244 | 25,510,000
121,230,441,676 | 436,160,729 | 38,723,808 | 28,113,982
121,228,835,054 | 434,261,262 | 36,932,788 | 26,980,067
121,228,358,448 | 440,390,029 | 35,977,364 | 25,603,199
121,228,272,971 | 420,189,261 | 35,646,411 | 25,382,070
121,228,526,598 | 432,349,508 | 36,109,396 | 25,888,875
121,230,900,940 | 417,832,200 | 39,347,543 | 28,833,023
