Performance results for ./matrix/5.mtx | threads=2 | chunksize=1
L1-dcache-loads | L1-dcache-load-misses | LLC-loads | LLC-load-misses
121,219,561,341 | 423,662,811 | 36,175,810 | 26,137,735
121,219,553,468 | 425,984,171 | 35,776,426 | 25,784,618
121,219,540,000 | 434,868,133 | 25,618,537 | 16,491,264
121,219,539,447 | 436,747,084 | 25,566,229 | 16,414,255
121,219,557,377 | 438,905,667 | 34,841,098 | 24,388,739
121,219,558,232 | 438,067,525 | 36,626,196 | 26,767,715
121,219,538,329 | 442,184,959 | 25,351,237 | 14,840,313
121,219,537,843 | 444,940,239 | 25,294,465 | 14,563,730
121,219,538,364 | 440,938,987 | 25,220,513 | 14,994,747
121,219,538,567 | 436,663,389 | 25,449,854 | 15,974,948
