Performance results for ./matrix/2.mtx | threads=2 | chunksize=100
L1-dcache-loads | L1-dcache-load-misses | LLC-loads | LLC-load-misses
2,804,303,199 | 36,353,857 | 865,954 | 193,236
2,804,303,581 | 36,378,003 | 833,939 | 189,189
2,804,300,416 | 36,403,134 | 614,699 | 192,052
2,804,303,086 | 36,361,583 | 802,188 | 190,807
2,804,303,150 | 36,316,693 | 671,113 | 191,902
2,804,303,515 | 36,293,735 | 822,739 | 192,455
2,804,303,000 | 36,250,279 | 689,387 | 192,070
2,804,301,601 | 36,327,189 | 653,341 | 192,342
2,804,302,231 | 36,296,970 | 674,208 | 192,247
2,804,304,362 | 36,374,642 | 655,426 | 194,303
