Performance results for ./matrix/4.mtx | threads=4 | chunksize=1000
L1-dcache-loads | L1-dcache-load-misses | LLC-loads | LLC-load-misses
68,847,691,478 | 341,059,165 | 4,058,731 | 1,742,125
68,847,691,822 | 353,037,800 | 4,101,628 | 2,175,476
68,847,697,062 | 348,812,541 | 4,114,427 | 2,184,114
68,847,687,853 | 350,111,896 | 3,555,080 | 1,635,679
68,847,690,566 | 350,952,590 | 3,532,811 | 1,631,447
68,847,694,081 | 349,452,904 | 3,584,781 | 1,629,293
68,847,694,575 | 349,259,191 | 4,097,207 | 2,126,840
68,847,691,237 | 348,473,286 | 4,074,061 | 2,151,915
68,847,696,860 | 346,035,895 | 4,043,283 | 2,130,132
68,847,690,280 | 353,468,171 | 4,236,763 | 2,295,992
