Performance results for ./matrix/3.mtx | threads=4 | chunksize=1000
L1-dcache-loads | L1-dcache-load-misses | LLC-loads | LLC-load-misses
49,265,389,981 | 1,084,728,431 | 477,299,111 | 57,179,822
49,265,390,196 | 1,085,829,911 | 477,209,324 | 57,063,489
49,265,389,802 | 1,084,591,899 | 477,230,741 | 57,766,876
49,265,390,291 | 1,083,819,599 | 477,026,395 | 57,134,979
49,265,390,143 | 1,084,619,726 | 477,241,479 | 57,515,180
49,265,389,804 | 1,084,326,556 | 477,354,176 | 57,680,727
49,265,389,839 | 1,084,243,371 | 477,270,893 | 57,602,620
49,265,389,850 | 1,084,259,153 | 477,188,252 | 57,273,384
49,265,389,919 | 1,084,029,066 | 476,887,625 | 57,340,363
49,265,390,191 | 1,086,538,647 | 477,195,879 | 57,333,326
