Performance results for ./matrix/4.mtx | threads=32 | chunksize=100
L1-dcache-loads | L1-dcache-load-misses | LLC-loads | LLC-load-misses
68,865,457,518 | 351,106,697 | 3,642,912 | 1,980,144
68,865,222,347 | 349,841,422 | 3,832,778 | 2,065,855
68,865,160,242 | 345,206,836 | 4,353,675 | 2,521,241
68,865,241,896 | 350,836,342 | 3,780,388 | 2,061,038
68,865,233,560 | 348,335,686 | 3,784,494 | 2,009,909
68,865,287,671 | 348,781,671 | 3,793,026 | 2,029,364
68,865,390,595 | 347,038,611 | 4,262,931 | 2,475,359
68,865,544,166 | 349,692,406 | 3,692,136 | 1,978,625
68,864,678,664 | 348,291,509 | 3,716,967 | 1,948,117
68,865,400,934 | 347,259,732 | 4,237,627 | 2,465,419
