Performance results for ./matrix/3.mtx | threads=32 | chunksize=100
L1-dcache-loads | L1-dcache-load-misses | LLC-loads | LLC-load-misses
49,282,357,383 | 1,085,247,806 | 477,814,377 | 54,346,419
49,281,629,755 | 1,087,323,862 | 477,680,949 | 54,502,829
49,282,344,273 | 1,086,317,888 | 478,032,038 | 54,950,457
49,282,318,635 | 1,088,651,779 | 477,821,747 | 54,678,219
49,281,383,995 | 1,088,109,991 | 478,067,520 | 55,221,426
49,282,145,476 | 1,086,359,046 | 477,024,449 | 54,019,123
49,282,395,212 | 1,084,470,752 | 478,520,270 | 55,617,578
49,282,385,829 | 1,085,321,912 | 477,500,684 | 54,370,390
49,282,217,990 | 1,087,702,160 | 478,166,442 | 55,158,479
49,281,946,615 | 1,083,667,128 | 476,921,915 | 53,972,971
