Performance results for ./matrix/3.mtx | threads=32 | chunksize=1000
L1-dcache-loads | L1-dcache-load-misses | LLC-loads | LLC-load-misses
49,281,937,315 | 1,088,073,573 | 477,833,303 | 54,684,814
49,282,194,356 | 1,087,877,432 | 476,982,573 | 53,866,138
49,282,426,740 | 1,085,135,487 | 478,078,756 | 55,320,517
49,281,574,673 | 1,088,416,124 | 477,113,231 | 53,981,149
49,281,664,754 | 1,085,658,694 | 477,361,525 | 54,301,332
49,282,460,342 | 1,086,381,603 | 476,976,196 | 53,450,545
49,282,436,663 | 1,085,957,875 | 477,331,646 | 54,225,635
49,282,282,552 | 1,089,378,150 | 477,007,968 | 53,760,105
49,281,731,945 | 1,087,522,825 | 477,955,142 | 55,180,091
49,282,429,444 | 1,086,710,344 | 477,013,930 | 54,092,229
