Performance results for ./matrix/4.mtx | threads=8 | chunksize=1
L1-dcache-loads | L1-dcache-load-misses | LLC-loads | LLC-load-misses
68,850,141,639 | 347,639,473 | 4,349,850 | 2,498,719
68,850,138,057 | 348,542,330 | 4,245,770 | 2,452,053
68,850,145,118 | 349,750,477 | 4,229,305 | 2,417,837
68,850,128,378 | 350,104,783 | 4,149,939 | 2,327,644
68,850,145,857 | 349,553,004 | 3,618,875 | 1,773,117
68,850,133,528 | 352,047,669 | 4,011,998 | 2,238,745
68,850,140,851 | 349,261,576 | 4,086,356 | 2,272,980
68,850,132,541 | 349,122,273 | 3,418,734 | 1,636,264
68,850,132,311 | 352,217,803 | 3,995,555 | 2,185,773
68,850,132,016 | 349,639,333 | 4,131,418 | 2,301,847
