Performance results for ./matrix/3.mtx | threads=64 | chunksize=1000
L1-dcache-loads | L1-dcache-load-misses | LLC-loads | LLC-load-misses
49,263,629,416 | 1,086,197,996 | 477,833,606 | 55,971,136
49,263,629,602 | 1,087,708,240 | 477,742,859 | 54,398,214
49,263,630,058 | 1,087,151,244 | 478,143,827 | 54,476,269
49,263,629,544 | 1,088,969,416 | 478,272,502 | 55,134,375
49,263,630,995 | 1,091,262,738 | 477,804,675 | 54,151,627
49,263,631,111 | 1,085,506,596 | 477,540,038 | 54,007,761
49,263,631,798 | 1,085,444,694 | 478,588,224 | 54,926,588
49,263,630,911 | 1,086,365,636 | 477,451,701 | 54,501,064
49,263,630,247 | 1,085,919,720 | 477,511,831 | 54,172,325
49,263,629,898 | 1,087,557,302 | 477,986,940 | 54,473,326
