Performance results for ./matrix/4.mtx | threads=16 | chunksize=1000
L1-dcache-loads | L1-dcache-load-misses | LLC-loads | LLC-load-misses
68,854,889,874 | 346,513,176 | 3,704,478 | 1,904,127
68,855,114,487 | 353,338,477 | 3,994,811 | 2,234,330
68,855,112,186 | 348,781,510 | 3,964,750 | 2,211,016
68,854,834,104 | 351,707,504 | 3,428,705 | 1,685,751
68,854,829,706 | 350,720,557 | 3,989,632 | 2,260,588
68,854,858,482 | 348,958,710 | 3,448,959 | 1,681,385
68,854,938,926 | 346,652,707 | 4,244,185 | 2,460,754
68,855,089,005 | 350,025,738 | 4,185,309 | 2,454,593
68,855,101,369 | 348,634,797 | 3,577,594 | 1,789,366
68,855,135,901 | 350,394,975 | 3,418,794 | 1,700,889
