Performance results for ./matrix/3.mtx | threads=8 | chunksize=100
L1-dcache-loads | L1-dcache-load-misses | LLC-loads | LLC-load-misses
49,267,796,317 | 1,085,543,146 | 477,404,486 | 56,229,097
49,267,797,138 | 1,086,206,966 | 478,051,189 | 56,536,732
49,267,796,206 | 1,087,054,578 | 476,825,924 | 55,946,691
49,267,796,131 | 1,086,264,608 | 477,692,299 | 56,872,620
49,267,796,349 | 1,087,343,675 | 477,402,428 | 56,025,955
49,267,798,587 | 1,085,701,146 | 477,375,708 | 56,256,542
49,267,796,063 | 1,085,957,020 | 477,451,384 | 56,068,761
49,267,698,370 | 1,086,985,737 | 476,174,718 | 54,513,131
49,267,794,422 | 1,085,924,961 | 476,725,224 | 55,008,204
49,267,795,934 | 1,086,175,321 | 476,935,287 | 55,980,164
