Performance results for ./matrix/4.mtx | threads=64 | chunksize=1
L1-dcache-loads | L1-dcache-load-misses | LLC-loads | LLC-load-misses
68,897,534,390 | 346,590,230 | 3,902,686 | 2,017,369
68,897,147,472 | 346,066,237 | 4,608,536 | 2,659,734
68,897,227,686 | 350,708,974 | 4,405,019 | 2,546,244
68,897,266,046 | 350,800,277 | 3,795,724 | 1,991,786
68,897,157,023 | 348,233,297 | 4,590,310 | 2,709,580
68,897,109,692 | 350,418,979 | 3,791,870 | 2,015,008
68,897,138,441 | 350,409,673 | 4,451,031 | 2,574,713
68,897,293,690 | 350,625,010 | 3,738,343 | 1,945,708
68,897,048,861 | 352,250,554 | 3,687,768 | 1,899,525
68,897,060,018 | 350,861,248 | 4,009,498 | 2,108,320
