Performance results for ./matrix/4.mtx | threads=16 | chunksize=1
L1-dcache-loads | L1-dcache-load-misses | LLC-loads | LLC-load-misses
68,855,047,985 | 349,843,349 | 4,410,160 | 2,574,065
68,855,093,719 | 352,350,017 | 4,041,034 | 2,291,559
68,855,046,397 | 347,883,707 | 4,261,041 | 2,452,373
68,855,086,912 | 348,693,747 | 4,023,550 | 2,285,976
68,855,109,501 | 349,252,874 | 4,160,492 | 2,365,537
68,855,166,522 | 348,130,768 | 4,146,227 | 2,319,380
68,855,103,335 | 346,891,762 | 4,024,652 | 2,302,301
68,855,122,488 | 348,905,785 | 4,102,533 | 2,332,934
68,854,880,659 | 354,348,112 | 3,997,527 | 2,245,184
68,855,052,085 | 347,543,999 | 4,150,445 | 2,417,545
