Performance results for ./matrix/1.mtx | threads=2 | chunksize=100
L1-dcache-loads | L1-dcache-load-misses | LLC-loads | LLC-load-misses
569,710,290 | 6,420,823 | 129,768 | 36,630
569,707,593 | 6,391,563 | 155,430 | 35,466
569,708,966 | 6,410,825 | 111,949 | 35,486
569,708,382 | 6,401,994 | 118,751 | 34,694
569,715,554 | 6,403,959 | 115,770 | 38,433
569,708,483 | 6,403,333 | 120,892 | 36,588
569,710,862 | 6,385,869 | 109,384 | 35,567
569,709,776 | 6,391,817 | 122,906 | 36,291
569,717,118 | 6,385,122 | 113,500 | 35,928
569,718,639 | 6,398,321 | 118,218 | 36,139
