Performance results for ./matrix/1.mtx | threads=2 | chunksize=1000
L1-dcache-loads | L1-dcache-load-misses | LLC-loads | LLC-load-misses
569,718,018 | 6,381,313 | 110,085 | 36,124
569,719,356 | 6,413,984 | 111,397 | 38,153
569,707,881 | 6,386,515 | 154,834 | 35,992
569,707,534 | 6,409,897 | 134,622 | 38,354
569,711,644 | 6,378,513 | 122,899 | 35,197
569,708,346 | 6,389,279 | 108,609 | 34,767
569,708,262 | 6,406,933 | 118,375 | 36,869
569,718,658 | 6,376,955 | 123,952 | 35,178
569,710,812 | 6,395,591 | 122,505 | 38,033
569,709,428 | 6,401,770 | 114,232 | 36,125
