Performance results for ./matrix/1.mtx | threads=16 | chunksize=100
L1-dcache-loads | L1-dcache-load-misses | LLC-loads | LLC-load-misses
570,051,725 | 6,390,674 | 209,971 | 47,796
570,077,413 | 6,396,133 | 239,844 | 51,843
570,039,815 | 6,413,661 | 210,001 | 49,586
570,064,218 | 6,389,815 | 206,797 | 47,093
570,079,422 | 6,406,427 | 244,938 | 48,520
570,051,760 | 6,398,036 | 226,959 | 48,631
570,041,217 | 6,422,604 | 235,688 | 49,561
570,054,169 | 6,421,817 | 190,444 | 48,167
570,060,817 | 6,410,625 | 202,579 | 47,456
570,058,291 | 6,419,725 | 207,965 | 48,866
