Performance results for ./matrix/1.mtx | threads=4 | chunksize=1
L1-dcache-loads | L1-dcache-load-misses | LLC-loads | LLC-load-misses
569,771,663 | 6,391,751 | 128,306 | 45,719
569,749,004 | 6,404,758 | 151,184 | 44,379
569,755,452 | 6,397,758 | 130,056 | 46,641
569,761,440 | 6,399,880 | 140,735 | 47,358
569,764,922 | 6,394,851 | 127,977 | 48,570
569,762,855 | 6,402,670 | 134,486 | 45,260
569,766,908 | 6,407,072 | 154,603 | 48,549
569,763,662 | 6,386,085 | 160,822 | 45,649
569,754,071 | 6,390,616 | 143,119 | 45,892
569,762,373 | 6,389,267 | 153,119 | 46,058
