Performance results for ./matrix/5.mtx | threads=1 | chunksize=1000
L1-dcache-loads | L1-dcache-load-misses | LLC-loads | LLC-load-misses
121,218,950,033 | 437,226,400 | 34,997,177 | 24,079,153
121,218,951,082 | 438,832,320 | 34,768,421 | 24,602,275
121,218,952,233 | 436,416,421 | 34,947,477 | 24,559,041
121,218,952,599 | 437,496,009 | 34,979,348 | 24,580,036
121,218,953,027 | 440,376,874 | 34,833,338 | 25,038,221
121,219,232,977 | 417,051,653 | 36,335,629 | 28,197,000
121,218,963,182 | 435,143,400 | 36,224,090 | 26,960,247
121,218,955,123 | 440,351,079 | 35,090,126 | 25,102,517
121,218,955,984 | 424,966,680 | 36,057,748 | 26,341,337
121,218,933,618 | 429,281,611 | 25,818,162 | 16,605,514
