Performance results for ./matrix/5.mtx | threads=16 | chunksize=1
L1-dcache-loads | L1-dcache-load-misses | LLC-loads | LLC-load-misses
121,228,307,381 | 437,617,276 | 36,533,016 | 25,433,409
121,228,454,459 | 406,729,426 | 37,756,282 | 27,386,029
121,228,543,084 | 419,747,268 | 35,396,283 | 23,673,797
121,228,540,134 | 435,671,615 | 38,037,298 | 28,884,044
121,232,056,065 | 435,720,739 | 36,211,689 | 27,515,835
121,230,331,454 | 432,004,620 | 36,568,341 | 27,928,697
121,228,320,819 | 436,945,861 | 37,602,674 | 28,256,478
121,231,320,907 | 434,044,148 | 37,343,132 | 28,294,525
121,228,581,654 | 431,838,748 | 39,165,246 | 30,024,698
121,231,990,522 | 438,627,920 | 36,074,233 | 24,535,268
