Performance results for ./matrix/1.mtx | threads=1 | chunksize=100
L1-dcache-loads | L1-dcache-load-misses | LLC-loads | LLC-load-misses
569,681,591 | 6,377,706 | 113,988 | 29,355
569,681,591 | 6,410,201 | 97,523 | 31,166
569,681,595 | 6,395,795 | 102,759 | 29,164
569,681,591 | 6,364,585 | 97,014 | 29,006
569,681,595 | 6,384,914 | 108,665 | 29,911
569,681,593 | 6,396,402 | 100,679 | 31,250
569,681,592 | 6,362,959 | 110,280 | 29,872
569,681,584 | 6,364,305 | 107,943 | 29,120
569,681,590 | 6,386,271 | 102,735 | 29,136
569,681,594 | 6,404,889 | 103,407 | 32,004
