Performance results for ./matrix/1.mtx | threads=64 | chunksize=1000
L1-dcache-loads | L1-dcache-load-misses | LLC-loads | LLC-load-misses
569,723,301 | 6,430,852 | 310,098 | 55,051
569,723,379 | 6,431,833 | 289,351 | 55,784
569,723,147 | 6,427,438 | 310,217 | 56,617
569,722,951 | 6,423,378 | 300,330 | 54,591
569,723,181 | 6,409,226 | 324,551 | 57,095
569,723,612 | 6,439,121 | 284,479 | 59,624
569,723,010 | 6,408,890 | 295,899 | 55,843
569,723,322 | 6,413,469 | 256,523 | 54,118
569,723,301 | 6,418,481 | 293,656 | 57,090
569,722,853 | 6,434,431 | 316,749 | 57,230
