Performance results for ./matrix/3.mtx | threads=4 | chunksize=100
L1-dcache-loads | L1-dcache-load-misses | LLC-loads | LLC-load-misses
49,265,403,304 | 1,085,253,162 | 476,513,510 | 57,142,233
49,265,390,231 | 1,084,950,423 | 476,319,040 | 56,710,903
49,265,390,972 | 1,082,143,897 | 476,997,480 | 57,186,225
49,265,390,198 | 1,085,258,502 | 476,624,747 | 56,928,531
49,265,389,631 | 1,083,484,957 | 477,152,259 | 57,765,245
49,265,389,672 | 1,088,286,247 | 477,239,977 | 57,372,498
49,265,337,639 | 1,086,117,318 | 476,924,338 | 57,333,809
49,265,390,367 | 1,085,113,211 | 476,795,569 | 57,208,726
49,265,390,582 | 1,083,963,981 | 477,027,252 | 57,453,074
49,265,389,960 | 1,084,133,201 | 476,791,683 | 57,237,730
