Performance results for ./matrix/3.mtx | threads=16 | chunksize=1000
L1-dcache-loads | L1-dcache-load-misses | LLC-loads | LLC-load-misses
49,272,389,529 | 1,087,041,516 | 477,985,403 | 56,291,628
49,272,617,967 | 1,089,146,165 | 477,994,459 | 56,318,671
49,272,658,357 | 1,087,336,342 | 477,943,160 | 56,943,469
49,272,632,221 | 1,087,070,993 | 478,170,524 | 56,485,822
49,272,265,998 | 1,087,285,199 | 478,467,144 | 56,033,387
49,272,619,891 | 1,085,178,389 | 476,498,465 | 56,834,354
49,272,643,377 | 1,085,125,189 | 477,886,191 | 56,678,303
49,272,639,733 | 1,087,046,400 | 477,147,547 | 54,707,017
49,272,546,525 | 1,088,275,923 | 477,261,787 | 54,663,749
49,272,626,859 | 1,084,251,461 | 478,174,286 | 56,336,963
