Performance results for ./matrix/3.mtx | threads=2 | chunksize=1000
L1-dcache-loads | L1-dcache-load-misses | LLC-loads | LLC-load-misses
49,263,892,923 | 1,087,322,147 | 477,021,493 | 56,145,693
49,263,949,391 | 1,083,447,967 | 476,598,413 | 56,412,152
49,263,895,076 | 1,081,995,433 | 476,557,346 | 55,869,556
49,263,901,557 | 1,086,473,885 | 476,655,832 | 55,684,155
49,263,895,067 | 1,084,451,772 | 476,580,261 | 55,949,415
49,263,901,139 | 1,084,856,885 | 476,497,492 | 55,760,903
49,264,188,430 | 1,085,298,207 | 475,397,762 | 55,261,675
49,263,901,447 | 1,085,775,389 | 475,817,943 | 55,477,856
49,264,188,627 | 1,084,121,967 | 475,881,488 | 55,636,690
49,264,188,519 | 1,084,435,607 | 475,765,094 | 55,533,632
