Performance results for ./matrix/5.mtx | threads=32 | chunksize=1
L1-dcache-loads | L1-dcache-load-misses | LLC-loads | LLC-load-misses
121,243,903,192 | 441,503,664 | 36,531,738 | 25,867,008
121,243,818,237 | 438,085,899 | 36,093,656 | 26,105,984
121,244,366,454 | 440,994,714 | 36,151,493 | 25,999,329
121,244,090,640 | 436,037,198 | 36,050,367 | 25,734,574
121,243,948,599 | 440,296,512 | 36,501,733 | 26,387,423
121,243,894,917 | 441,683,722 | 35,599,812 | 25,430,932
121,244,251,438 | 444,447,594 | 38,702,745 | 28,976,340
121,243,949,095 | 420,621,413 | 37,577,424 | 27,547,944
121,243,143,246 | 431,649,918 | 37,597,164 | 27,584,561
121,244,125,580 | 433,365,441 | 36,795,034 | 25,854,210
