Performance results for ./matrix/3.mtx | threads=1 | chunksize=1000
L1-dcache-loads | L1-dcache-load-misses | LLC-loads | LLC-load-misses
49,263,582,721 | 1,084,922,292 | 475,759,190 | 56,886,713
49,263,582,713 | 1,085,029,361 | 475,456,568 | 56,854,420
49,263,582,718 | 1,087,424,063 | 475,588,755 | 56,986,733
49,263,582,718 | 1,083,791,489 | 475,408,707 | 57,177,076
49,263,582,726 | 1,085,039,642 | 475,443,901 | 56,929,463
49,263,582,705 | 1,086,839,006 | 475,402,951 | 57,087,563
49,263,582,729 | 1,085,277,424 | 475,562,491 | 57,215,569
49,263,582,738 | 1,084,043,153 | 475,660,389 | 57,067,182
49,263,582,722 | 1,084,238,834 | 475,616,015 | 57,304,072
49,263,582,717 | 1,086,542,934 | 475,497,774 | 56,682,208
