Performance results for ./matrix/4.mtx | threads=2 | chunksize=1
L1-dcache-loads | L1-dcache-load-misses | LLC-loads | LLC-load-misses
68,846,481,631 | 351,615,239 | 3,525,423 | 1,617,153
68,846,481,689 | 346,208,147 | 4,021,871 | 2,127,153
68,846,481,672 | 350,559,218 | 3,540,195 | 1,631,685
68,846,481,403 | 350,466,849 | 3,531,718 | 1,633,192
68,846,481,636 | 350,922,269 | 4,061,968 | 2,220,053
68,846,481,546 | 353,166,973 | 4,166,659 | 2,365,117
68,846,481,346 | 354,053,008 | 3,498,679 | 1,651,157
68,846,481,453 | 352,289,542 | 4,209,607 | 2,371,909
68,846,480,623 | 348,829,623 | 4,220,603 | 2,315,577
68,846,481,556 | 351,621,170 | 4,125,251 | 2,239,068
