Performance results for ./matrix/4.mtx | threads=64 | chunksize=100
L1-dcache-loads | L1-dcache-load-misses | LLC-loads | LLC-load-misses
68,895,879,419 | 350,016,546 | 4,606,548 | 2,651,217
68,897,047,564 | 349,034,136 | 3,691,252 | 1,937,174
68,896,812,781 | 347,295,052 | 4,629,855 | 2,696,919
68,897,133,998 | 348,737,375 | 4,582,251 | 2,702,917
68,896,774,371 | 350,900,931 | 4,632,713 | 2,781,084
68,897,418,175 | 348,322,881 | 4,460,759 | 2,589,183
68,896,282,808 | 347,582,013 | 4,068,776 | 2,150,797
68,897,297,259 | 349,332,904 | 4,610,094 | 2,710,949
68,897,307,961 | 348,972,233 | 4,057,460 | 2,148,216
68,896,856,291 | 349,429,964 | 3,918,843 | 2,046,672
