Performance results for ./matrix/3.mtx | threads=64 | chunksize=100
L1-dcache-loads | L1-dcache-load-misses | LLC-loads | LLC-load-misses
49,263,634,357 | 1,087,692,961 | 477,368,307 | 54,396,806
49,263,632,532 | 1,087,225,159 | 478,555,671 | 54,816,394
49,263,632,611 | 1,085,917,131 | 478,328,831 | 54,949,559
49,263,632,987 | 1,088,174,900 | 478,452,866 | 54,967,504
49,263,633,522 | 1,085,650,068 | 477,563,374 | 54,533,070
49,263,634,135 | 1,086,139,789 | 477,810,275 | 54,629,295
49,263,633,696 | 1,090,012,513 | 477,405,550 | 54,129,420
49,263,633,505 | 1,085,925,220 | 478,109,947 | 54,463,925
49,263,634,082 | 1,085,457,701 | 477,934,973 | 54,885,804
49,263,632,609 | 1,087,880,451 | 478,140,376 | 58,456,197
