Performance results for ./matrix/5.mtx | threads=32 | chunksize=1000
L1-dcache-loads | L1-dcache-load-misses | LLC-loads | LLC-load-misses
121,245,486,756 | 432,988,636 | 37,677,289 | 19,481,833
121,245,415,732 | 426,134,979 | 36,217,914 | 17,845,649
121,245,335,535 | 442,546,113 | 36,063,502 | 19,360,870
121,245,618,388 | 427,361,034 | 35,525,303 | 18,323,146
121,245,287,445 | 438,727,890 | 25,227,210 | 13,924,320
121,245,269,237 | 426,293,248 | 37,159,232 | 19,803,795
121,245,842,093 | 444,322,959 | 36,171,446 | 19,350,458
121,245,384,205 | 423,177,282 | 36,063,582 | 19,122,591
121,245,437,256 | 423,826,100 | 35,948,665 | 18,615,760
121,245,363,237 | 442,449,394 | 25,343,418 | 14,001,273
