Performance results for ./matrix/4.mtx | threads=4 | chunksize=1
L1-dcache-loads | L1-dcache-load-misses | LLC-loads | LLC-load-misses
68,847,691,058 | 352,159,906 | 4,080,578 | 2,154,730
68,847,696,374 | 351,196,209 | 4,086,621 | 2,205,873
68,847,693,767 | 350,353,883 | 4,308,047 | 2,352,614
68,847,692,712 | 349,388,300 | 3,588,636 | 1,637,567
68,847,691,881 | 349,970,608 | 4,236,190 | 2,255,197
68,847,696,241 | 346,017,540 | 4,145,818 | 2,265,614
68,847,691,984 | 352,951,452 | 4,181,344 | 2,261,912
68,847,692,586 | 348,343,845 | 4,269,229 | 2,367,759
68,847,693,653 | 348,490,187 | 4,267,744 | 2,372,318
68,847,692,744 | 351,360,620 | 4,146,552 | 2,264,229
