Performance results for ./matrix/3.mtx | threads=8 | chunksize=1
L1-dcache-loads | L1-dcache-load-misses | LLC-loads | LLC-load-misses
49,267,798,068 | 1,085,166,499 | 477,664,045 | 56,347,127
49,267,798,270 | 1,084,075,482 | 477,753,535 | 56,183,353
49,267,798,569 | 1,088,330,606 | 477,308,601 | 56,354,839
49,267,797,112 | 1,087,416,763 | 476,818,897 | 56,123,411
49,267,799,231 | 1,085,863,642 | 477,513,775 | 56,424,466
49,267,798,337 | 1,087,794,786 | 477,498,478 | 55,564,987
49,267,797,848 | 1,087,553,490 | 477,375,282 | 56,421,129
49,267,797,775 | 1,087,109,425 | 477,459,947 | 56,476,091
49,267,800,791 | 1,087,929,624 | 476,964,836 | 54,911,011
49,267,797,795 | 1,086,844,225 | 477,156,575 | 56,203,211
