Performance results for ./matrix/2.mtx | threads=32 | chunksize=100
L1-dcache-loads | L1-dcache-load-misses | LLC-loads | LLC-load-misses
2,807,968,111 | 36,375,982 | 884,661 | 206,756
2,807,833,417 | 36,399,670 | 937,548 | 204,538
2,807,880,267 | 36,341,685 | 881,852 | 206,211
2,807,818,043 | 36,395,714 | 989,495 | 204,709
2,807,976,810 | 36,336,611 | 991,048 | 205,127
2,807,925,759 | 36,293,121 | 976,121 | 205,143
2,807,987,688 | 36,328,980 | 940,527 | 206,334
2,807,846,276 | 36,337,179 | 982,164 | 205,855
2,808,010,709 | 36,427,907 | 855,028 | 207,360
2,807,753,214 | 36,252,852 | 981,347 | 205,264
