Performance results for ./matrix/1.mtx | threads=1 | chunksize=1
L1-dcache-loads | L1-dcache-load-misses | LLC-loads | LLC-load-misses
569,681,584 | 6,410,553 | 103,203 | 33,664
569,681,579 | 6,407,796 | 98,124 | 31,190
569,681,580 | 6,387,882 | 108,809 | 29,471
569,681,587 | 6,402,856 | 111,655 | 31,639
569,681,587 | 6,415,774 | 107,432 | 32,968
569,681,589 | 6,384,876 | 106,265 | 30,218
569,681,587 | 6,366,904 | 165,548 | 28,216
569,681,579 | 6,414,630 | 114,593 | 33,661
569,681,579 | 6,391,128 | 99,724 | 29,244
569,681,579 | 6,387,281 | 92,415 | 29,355
