Performance results for ./matrix/1.mtx | threads=1 | chunksize=1000
L1-dcache-loads | L1-dcache-load-misses | LLC-loads | LLC-load-misses
569,681,586 | 6,399,361 | 104,677 | 30,602
569,681,592 | 6,375,803 | 120,249 | 29,394
569,681,592 | 6,385,447 | 102,329 | 29,874
569,681,590 | 6,396,706 | 104,830 | 32,311
569,681,586 | 6,391,338 | 96,793 | 30,467
569,681,589 | 6,370,586 | 101,684 | 28,794
569,681,596 | 6,399,670 | 131,710 | 29,360
569,681,586 | 6,374,111 | 113,882 | 29,221
569,681,585 | 6,392,756 | 95,790 | 32,302
569,681,586 | 6,381,495 | 98,910 | 29,802
