Performance results for ./matrix/4.mtx | threads=16 | chunksize=100
L1-dcache-loads | L1-dcache-load-misses | LLC-loads | LLC-load-misses
68,854,837,605 | 347,833,457 | 3,665,606 | 1,905,543
68,855,100,269 | 348,499,888 | 4,145,875 | 2,300,698
68,855,117,424 | 351,740,285 | 4,215,638 | 2,409,171
68,855,116,645 | 348,311,554 | 3,610,020 | 1,826,263
68,855,012,160 | 348,767,869 | 3,719,370 | 1,908,532
68,854,820,439 | 352,803,706 | 3,951,113 | 2,233,188
68,855,076,229 | 350,336,485 | 4,288,097 | 2,541,771
68,855,117,940 | 351,559,626 | 4,118,577 | 2,342,819
68,854,859,982 | 349,819,847 | 3,366,037 | 1,651,680
68,855,102,106 | 350,969,993 | 4,270,352 | 2,534,202
