Performance results for ./matrix/2.mtx | threads=16 | chunksize=1
L1-dcache-loads | L1-dcache-load-misses | LLC-loads | LLC-load-misses
2,805,950,714 | 36,300,041 | 771,442 | 202,409
2,805,972,235 | 36,312,522 | 790,831 | 200,243
2,805,971,941 | 36,381,460 | 866,572 | 202,647
2,805,976,432 | 36,310,314 | 706,207 | 203,518
2,805,940,168 | 36,296,653 | 942,521 | 203,681
2,805,946,612 | 36,307,032 | 715,891 | 202,865
2,805,938,646 | 36,288,716 | 941,435 | 201,912
2,805,862,393 | 36,441,699 | 836,721 | 203,489
2,805,944,552 | 36,406,644 | 891,735 | 202,180
2,805,874,753 | 36,276,020 | 860,140 | 206,031
