Performance results for ./matrix/1.mtx | threads=64 | chunksize=100
L1-dcache-loads | L1-dcache-load-misses | LLC-loads | LLC-load-misses
569,729,121 | 6,425,224 | 302,970 | 56,914
569,728,330 | 6,418,376 | 297,631 | 55,943
569,727,610 | 6,404,845 | 304,715 | 56,089
569,727,447 | 6,424,985 | 342,526 | 56,998
569,728,858 | 6,424,546 | 311,529 | 59,762
569,727,427 | 6,410,944 | 284,913 | 55,765
569,726,105 | 6,431,735 | 302,529 | 58,494
569,727,358 | 6,418,440 | 325,409 | 55,188
569,728,297 | 6,425,265 | 302,092 | 61,037
569,726,710 | 6,422,936 | 339,872 | 57,120
