Performance results for ./matrix/4.mtx | threads=2 | chunksize=1000
L1-dcache-loads | L1-dcache-load-misses | LLC-loads | LLC-load-misses
68,846,481,089 | 349,560,261 | 4,194,465 | 2,303,725
68,846,480,520 | 348,927,971 | 3,542,020 | 1,619,009
68,846,480,922 | 351,072,937 | 3,529,330 | 1,625,245
68,846,481,309 | 347,727,407 | 3,981,809 | 2,176,854
68,846,481,353 | 350,744,389 | 4,252,372 | 2,337,519
68,846,481,449 | 352,480,373 | 3,499,235 | 1,639,419
68,846,481,360 | 348,207,321 | 3,511,969 | 1,625,687
68,846,476,922 | 348,512,377 | 4,111,882 | 2,177,001
68,846,481,406 | 349,503,189 | 3,540,778 | 1,619,171
68,846,481,738 | 351,927,134 | 3,531,052 | 1,642,486
