Performance results for ./matrix/1.mtx | threads=4 | chunksize=100
L1-dcache-loads | L1-dcache-load-misses | LLC-loads | LLC-load-misses
569,746,673 | 6,397,457 | 147,435 | 45,770
569,751,622 | 6,387,480 | 140,509 | 45,474
569,756,024 | 6,389,649 | 130,480 | 45,480
569,752,078 | 6,403,256 | 136,393 | 46,078
569,756,362 | 6,397,693 | 152,256 | 46,823
569,764,383 | 6,394,322 | 132,445 | 46,924
569,773,607 | 6,385,396 | 132,701 | 44,363
569,765,001 | 6,395,886 | 126,840 | 45,735
569,754,454 | 6,398,374 | 134,921 | 47,167
569,768,210 | 6,381,686 | 153,991 | 45,461
