Performance results for ./matrix/2.mtx | threads=1 | chunksize=1
L1-dcache-loads | L1-dcache-load-misses | LLC-loads | LLC-load-misses
2,804,178,636 | 36,304,014 | 671,652 | 183,814
2,804,178,642 | 36,332,376 | 800,867 | 182,230
2,804,178,645 | 36,407,731 | 641,566 | 185,771
2,804,178,643 | 36,277,026 | 657,275 | 182,446
2,804,178,642 | 36,273,798 | 827,802 | 180,937
2,804,178,642 | 36,306,877 | 621,518 | 183,351
2,804,178,638 | 36,386,265 | 604,162 | 181,674
2,804,178,635 | 36,303,119 | 816,498 | 181,207
2,804,178,642 | 36,401,745 | 577,279 | 185,046
2,804,178,634 | 36,324,478 | 644,357 | 183,024
