Performance results for ./matrix/5.mtx | threads=1 | chunksize=1
L1-dcache-loads | L1-dcache-load-misses | LLC-loads | LLC-load-misses
121,218,954,017 | 426,918,831 | 35,516,990 | 27,079,148
121,218,955,035 | 436,641,418 | 35,025,991 | 26,868,000
121,218,966,288 | 436,780,524 | 35,421,050 | 27,455,305
121,218,962,148 | 432,500,673 | 35,511,331 | 27,493,755
121,218,959,973 | 437,528,908 | 34,753,036 | 26,835,825
121,218,961,940 | 432,833,984 | 35,270,377 | 27,146,394
121,218,956,230 | 423,167,862 | 35,529,971 | 25,476,880
121,218,955,130 | 445,577,224 | 34,816,441 | 26,871,844
121,218,961,083 | 431,326,564 | 35,360,704 | 25,516,795
121,218,981,228 | 436,578,890 | 35,330,416 | 27,220,770
