Performance results for ./matrix/2.mtx | threads=1 | chunksize=100
L1-dcache-loads | L1-dcache-load-misses | LLC-loads | LLC-load-misses
2,804,178,640 | 36,433,737 | 769,333 | 182,245
2,804,178,640 | 36,319,918 | 751,294 | 182,801
2,804,178,649 | 36,372,450 | 769,106 | 183,167
2,804,178,652 | 36,348,854 | 707,040 | 181,304
2,804,178,646 | 36,298,699 | 657,865 | 183,922
2,804,178,650 | 36,322,100 | 661,194 | 183,540
2,804,178,647 | 36,289,807 | 719,957 | 182,608
2,804,178,646 | 36,284,688 | 678,073 | 183,597
2,804,178,642 | 36,396,145 | 621,858 | 183,028
2,804,178,647 | 36,378,644 | 761,809 | 180,894
