Performance results for ./matrix/2.mtx | threads=4 | chunksize=100
L1-dcache-loads | L1-dcache-load-misses | LLC-loads | LLC-load-misses
2,804,544,821 | 36,403,421 | 624,749 | 203,176
2,804,542,096 | 36,292,335 | 687,812 | 202,525
2,804,539,340 | 36,275,184 | 690,784 | 203,801
2,804,537,805 | 36,375,956 | 654,468 | 202,561
2,804,541,036 | 36,383,771 | 758,064 | 203,024
2,804,536,140 | 36,305,264 | 682,261 | 203,452
2,804,540,067 | 36,289,829 | 881,686 | 201,637
2,804,539,121 | 36,373,484 | 708,875 | 202,815
2,804,539,392 | 36,281,302 | 778,057 | 201,187
2,804,539,870 | 36,252,303 | 683,524 | 203,640
