Performance results for ./matrix/4.mtx | threads=8 | chunksize=100
L1-dcache-loads | L1-dcache-load-misses | LLC-loads | LLC-load-misses
68,850,134,568 | 343,936,920 | 4,248,201 | 2,343,324
68,850,134,173 | 346,136,924 | 4,190,061 | 2,319,773
68,850,135,334 | 350,583,385 | 4,167,571 | 2,288,744
68,850,135,240 | 351,521,004 | 3,412,659 | 1,638,780
68,850,129,996 | 353,319,181 | 3,996,025 | 2,181,559
68,850,125,893 | 348,378,978 | 3,613,496 | 1,820,361
68,850,133,856 | 347,252,743 | 4,087,745 | 2,278,908
68,850,126,675 | 344,539,334 | 4,399,042 | 2,536,065
68,850,135,439 | 347,820,747 | 3,690,447 | 1,854,617
68,850,138,025 | 349,316,062 | 4,188,250 | 2,371,093
