Performance results for ./matrix/5.mtx | threads=4 | chunksize=100
L1-dcache-loads | L1-dcache-load-misses | LLC-loads | LLC-load-misses
121,220,740,707 | 436,919,820 | 34,409,564 | 18,276,469
121,220,749,359 | 447,497,060 | 34,813,865 | 18,560,045
121,220,743,493 | 440,440,994 | 34,703,288 | 18,348,123
121,220,743,164 | 447,599,981 | 34,710,661 | 18,534,298
121,220,773,662 | 443,535,190 | 33,724,805 | 25,882,464
121,220,737,907 | 443,124,732 | 34,506,073 | 18,295,702
121,220,754,738 | 443,276,629 | 24,889,369 | 13,967,428
121,220,744,292 | 445,914,962 | 34,505,246 | 18,290,398
121,220,737,790 | 446,844,739 | 34,430,111 | 18,240,856
121,220,742,816 | 442,568,298 | 34,855,069 | 18,445,854
