Performance results for ./matrix/5.mtx | threads=4 | chunksize=1
L1-dcache-loads | L1-dcache-load-misses | LLC-loads | LLC-load-misses
121,220,744,924 | 428,108,005 | 35,460,001 | 19,456,930
121,220,750,954 | 438,604,659 | 34,780,893 | 17,211,258
121,220,746,644 | 451,780,157 | 34,750,218 | 18,386,458
121,220,766,025 | 450,874,470 | 33,327,931 | 25,225,827
121,220,772,600 | 450,417,348 | 33,750,560 | 25,453,623
121,220,748,655 | 443,680,387 | 34,735,648 | 18,555,519
121,220,743,553 | 447,735,928 | 34,813,247 | 18,485,760
121,220,770,625 | 451,364,192 | 34,344,637 | 26,134,822
121,220,749,453 | 442,851,044 | 34,483,594 | 18,311,394
121,220,744,003 | 446,506,457 | 34,578,790 | 18,267,845
