Performance results for ./matrix/1.mtx | threads=32 | chunksize=1
L1-dcache-loads | L1-dcache-load-misses | LLC-loads | LLC-load-misses
586,125,139 | 6,698,399 | 345,999 | 186,260
585,816,447 | 6,026,560 | 322,372 | 150,632
583,262,867 | 6,745,097 | 445,400 | 181,668
596,669,097 | 6,686,535 | 385,814 | 187,891
593,571,473 | 6,059,933 | 371,529 | 167,751
590,612,920 | 6,705,235 | 379,313 | 180,009
593,456,572 | 6,690,275 | 369,912 | 178,095
588,655,768 | 6,696,438 | 350,010 | 152,853
587,606,738 | 6,673,054 | 314,043 | 150,782
590,704,395 | 6,703,257 | 372,700 | 154,319
