Performance results for ./matrix/5.mtx | threads=8 | chunksize=1000
L1-dcache-loads | L1-dcache-load-misses | LLC-loads | LLC-load-misses
121,225,181,567 | 428,352,654 | 41,446,623 | 25,235,447
121,224,978,186 | 424,731,049 | 26,969,181 | 17,369,394
121,224,971,006 | 441,127,113 | 26,507,707 | 15,821,735
121,224,995,507 | 441,124,209 | 26,622,993 | 15,983,591
121,224,986,485 | 444,595,193 | 26,375,012 | 14,586,122
121,224,964,974 | 449,045,508 | 26,477,054 | 14,737,404
121,224,992,967 | 431,838,194 | 38,757,038 | 21,031,404
121,224,981,714 | 447,242,218 | 26,340,747 | 13,827,185
121,224,991,660 | 444,399,299 | 26,399,473 | 14,413,236
121,224,989,960 | 442,576,554 | 26,409,605 | 14,303,649
