Performance results for ./matrix/1.mtx | threads=8 | chunksize=1
L1-dcache-loads | L1-dcache-load-misses | LLC-loads | LLC-load-misses
573,961,191 | 5,977,883 | 195,866 | 97,936
574,465,989 | 6,665,909 | 253,380 | 142,708
573,136,253 | 5,981,184 | 194,283 | 92,193
574,969,825 | 6,619,766 | 196,184 | 53,195
572,750,405 | 6,702,120 | 305,598 | 170,664
572,232,231 | 5,896,125 | 150,043 | 64,125
574,765,679 | 6,622,397 | 195,631 | 82,810
575,901,309 | 6,605,585 | 237,617 | 80,979
574,299,966 | 5,997,500 | 185,644 | 83,743
573,321,859 | 6,631,236 | 221,825 | 70,097
