Performance results for ./matrix/5.mtx | threads=1 | chunksize=1000
L1-dcache-loads | L1-dcache-load-misses | LLC-loads | LLC-load-misses
121,220,732,358 | 451,273,997 | 34,876,483 | 19,093,494
121,220,732,772 | 444,810,744 | 34,366,952 | 19,253,031
121,220,731,301 | 426,798,576 | 25,569,701 | 15,251,027
121,220,734,929 | 443,548,156 | 35,634,999 | 21,238,362
121,220,731,086 | 454,089,152 | 34,603,135 | 16,818,363
121,220,731,866 | 453,669,691 | 34,504,710 | 17,550,790
121,220,732,063 | 446,938,914 | 34,682,088 | 17,812,795
121,220,731,099 | 438,119,855 | 25,207,107 | 15,310,965
121,220,731,426 | 435,437,220 | 25,412,568 | 14,948,679
121,220,732,477 | 450,046,702 | 34,416,121 | 19,337,865
