Performance results for ./matrix/1.mtx | threads=64 | chunksize=100
L1-dcache-loads | L1-dcache-load-misses | LLC-loads | LLC-load-misses
608,670,452 | 6,426,154 | 274,773 | 82,066
607,560,953 | 5,801,364 | 193,007 | 73,930
605,958,115 | 6,425,160 | 239,671 | 83,605
608,491,125 | 6,405,204 | 273,526 | 78,519
621,444,701 | 6,415,991 | 241,837 | 77,632
607,288,308 | 6,419,063 | 219,676 | 70,802
609,142,219 | 6,449,700 | 319,722 | 89,853
610,436,165 | 6,471,220 | 301,965 | 84,133
608,750,014 | 6,439,626 | 209,386 | 80,320
611,610,144 | 6,419,759 | 188,212 | 77,413
