Performance results for ./matrix/4.mtx | threads=16 | chunksize=1
L1-dcache-loads | L1-dcache-load-misses | LLC-loads | LLC-load-misses
68,967,452,117 | 541,316,981 | 104,510,232 | 43,677,148
68,967,309,170 | 533,202,856 | 98,700,151 | 44,658,859
68,971,892,200 | 528,260,558 | 94,743,081 | 41,642,472
68,967,364,655 | 520,457,151 | 92,379,848 | 41,977,194
68,967,333,988 | 516,554,006 | 86,021,961 | 37,150,659
68,967,381,955 | 527,448,418 | 99,055,622 | 43,025,944
68,967,385,841 | 526,611,151 | 94,596,241 | 39,788,672
68,967,399,719 | 527,624,328 | 96,193,033 | 40,013,676
68,967,378,093 | 539,907,856 | 102,490,363 | 40,791,802
68,967,375,009 | 533,315,243 | 102,616,875 | 45,905,850
