Performance results for ./matrix/2.mtx | threads=1 | chunksize=100
L1-dcache-loads | L1-dcache-load-misses | LLC-loads | LLC-load-misses
2,804,220,711 | 36,362,385 | 691,632 | 135,596
2,804,220,640 | 36,279,390 | 687,843 | 199,971
2,804,220,853 | 36,426,548 | 745,165 | 158,369
2,804,220,804 | 36,481,411 | 692,454 | 245,651
2,804,220,735 | 36,394,363 | 632,389 | 201,549
2,804,223,412 | 36,484,087 | 846,493 | 113,545
2,804,220,671 | 36,406,107 | 744,453 | 198,163
2,804,220,763 | 36,356,020 | 803,062 | 72,825
2,804,220,723 | 36,564,230 | 886,491 | 105,771
2,804,220,812 | 36,422,640 | 697,395 | 212,807
