Performance results for ./matrix/5.mtx | threads=32 | chunksize=100
L1-dcache-loads | L1-dcache-load-misses | LLC-loads | LLC-load-misses
121,256,637,678 | 471,353,154 | 67,449,607 | 33,874,635
121,256,626,529 | 454,425,452 | 34,857,246 | 22,568,484
121,256,577,553 | 457,446,481 | 34,722,008 | 22,418,988
121,256,440,721 | 434,787,152 | 35,527,618 | 23,459,146
121,256,469,613 | 458,330,002 | 34,703,144 | 22,406,611
121,256,460,548 | 457,505,686 | 34,794,218 | 22,358,439
121,256,559,830 | 461,002,650 | 34,858,255 | 22,474,835
121,256,623,148 | 437,279,088 | 39,579,715 | 22,856,311
121,247,424,330 | 478,511,659 | 66,680,104 | 34,857,056
121,247,510,807 | 485,894,897 | 67,349,815 | 35,117,249
