Performance results for ./matrix/5.mtx | threads=8 | chunksize=100
L1-dcache-loads | L1-dcache-load-misses | LLC-loads | LLC-load-misses
121,241,184,329 | 459,897,535 | 34,766,732 | 23,766,585
121,241,206,790 | 458,514,530 | 33,623,454 | 21,023,345
121,241,195,660 | 457,404,629 | 34,217,473 | 22,451,593
121,239,096,962 | 478,258,074 | 48,791,354 | 30,798,740
121,241,191,585 | 464,177,532 | 36,063,959 | 25,360,750
121,241,211,753 | 466,057,425 | 48,424,748 | 27,889,018
121,241,182,530 | 477,873,959 | 49,396,221 | 31,063,336
121,241,247,719 | 468,044,088 | 52,645,991 | 34,903,881
121,241,195,826 | 470,708,866 | 47,608,153 | 29,367,053
121,241,183,320 | 462,435,467 | 34,136,935 | 22,611,334
