Performance results for ./matrix/5.mtx | threads=64 | chunksize=1
L1-dcache-loads | L1-dcache-load-misses | LLC-loads | LLC-load-misses
123,069,117,803 | 1,421,024,079 | 615,396,181 | 159,895,096
123,069,902,262 | 1,436,051,763 | 635,610,713 | 161,092,520
123,070,058,859 | 1,415,067,853 | 614,340,328 | 154,413,224
123,070,602,614 | 1,438,572,456 | 629,644,354 | 158,692,829
123,070,755,600 | 1,437,173,267 | 636,621,473 | 159,764,816
123,071,047,361 | 1,452,196,707 | 636,222,377 | 161,691,664
123,068,717,582 | 1,417,535,172 | 621,265,209 | 160,552,941
123,071,038,566 | 1,420,510,484 | 613,595,635 | 157,124,941
123,070,740,620 | 1,428,946,099 | 617,388,692 | 159,098,739
123,068,804,606 | 1,443,631,043 | 629,808,802 | 160,316,079
