Performance results for ./matrix/5.mtx | threads=4 | chunksize=1
L1-dcache-loads | L1-dcache-load-misses | LLC-loads | LLC-load-misses
123,019,805,645 | 888,909,262 | 148,008,449 | 45,152,352
123,019,817,315 | 911,096,072 | 150,007,099 | 20,604,280
123,019,819,814 | 835,359,238 | 144,822,997 | 33,740,084
123,019,811,214 | 903,006,901 | 140,955,832 | 25,083,058
123,019,815,205 | 894,764,258 | 138,547,011 | 22,743,072
123,019,811,924 | 898,289,277 | 139,764,836 | 23,917,484
123,019,805,809 | 900,675,261 | 141,472,105 | 16,330,505
123,019,832,608 | 871,400,480 | 144,913,982 | 68,349,280
123,019,815,476 | 900,459,782 | 147,697,601 | 25,266,432
123,019,850,124 | 860,942,957 | 140,950,290 | 57,903,502
