Performance results for ./matrix/3.mtx | threads=4 | chunksize=1
L1-dcache-loads | L1-dcache-load-misses | LLC-loads | LLC-load-misses
49,293,887,178 | 1,091,844,205 | 475,951,274 | 32,215,925
49,293,932,715 | 1,101,517,985 | 489,552,209 | 333,777,264
49,293,922,144 | 1,088,522,834 | 485,553,215 | 320,494,723
49,293,914,471 | 1,095,426,904 | 482,311,746 | 312,623,039
49,293,916,274 | 1,089,825,644 | 482,838,618 | 309,180,275
49,293,923,106 | 1,090,832,031 | 482,840,845 | 306,889,341
49,294,810,766 | 1,094,462,153 | 482,615,941 | 316,519,675
49,293,954,807 | 1,094,707,154 | 485,598,771 | 328,312,062
49,293,917,577 | 1,088,219,960 | 485,950,545 | 320,611,241
49,293,908,957 | 1,088,444,853 | 480,176,396 | 185,491,653
