Performance results for ./matrix/5.mtx | threads=1 | chunksize=1
L1-dcache-loads | L1-dcache-load-misses | LLC-loads | LLC-load-misses
123,018,893,917 | 435,148,120 | 36,035,190 | 17,556,880
123,018,894,674 | 445,306,553 | 34,335,867 | 19,366,739
123,018,894,944 | 444,182,941 | 34,658,746 | 20,704,633
123,018,894,687 | 452,201,454 | 34,584,435 | 19,442,299
123,018,893,260 | 438,045,430 | 25,193,560 | 15,311,159
123,018,893,165 | 443,423,222 | 24,977,722 | 15,869,616
123,018,893,189 | 441,910,701 | 25,084,199 | 16,104,956
123,018,893,289 | 428,675,130 | 25,138,711 | 14,251,874
123,018,894,252 | 448,133,620 | 34,759,689 | 19,804,675
123,018,893,555 | 431,953,937 | 25,139,084 | 15,870,333
