Performance results for ./matrix/1.mtx | threads=16 | chunksize=100
L1-dcache-loads | L1-dcache-load-misses | LLC-loads | LLC-load-misses
581,751,127 | 6,412,438 | 141,978 | 66,269
577,488,557 | 6,408,009 | 132,292 | 56,971
574,914,023 | 5,774,840 | 151,761 | 63,997
578,645,388 | 6,422,955 | 164,410 | 75,720
581,100,694 | 6,401,112 | 136,279 | 57,466
578,213,026 | 6,416,518 | 177,735 | 70,980
579,525,937 | 6,409,742 | 158,610 | 68,788
579,048,962 | 6,404,283 | 151,373 | 57,778
579,379,783 | 6,149,000 | 130,987 | 62,591
570,815,399 | 6,424,366 | 175,973 | 75,019
