Performance results for ./matrix/2.mtx | threads=8 | chunksize=1000
L1-dcache-loads | L1-dcache-load-misses | LLC-loads | LLC-load-misses
2,807,567,738 | 36,477,692 | 629,563 | 221,185
2,807,453,416 | 36,384,654 | 727,885 | 258,992
2,808,763,710 | 36,326,343 | 680,660 | 248,550
2,808,226,706 | 28,860,776 | 555,288 | 107,766
2,809,010,495 | 36,449,609 | 676,173 | 216,157
2,806,552,161 | 36,270,983 | 832,371 | 231,773
2,808,991,650 | 36,509,368 | 612,026 | 231,404
2,808,812,198 | 36,394,822 | 748,140 | 285,461
2,809,188,496 | 36,324,546 | 752,484 | 240,829
2,806,456,965 | 36,441,275 | 806,558 | 225,184
