Performance results for ./matrix/4.mtx | threads=1 | chunksize=1000
L1-dcache-loads | L1-dcache-load-misses | LLC-loads | LLC-load-misses
68,845,987,216 | 349,911,331 | 3,720,734 | 1,731,771
68,845,987,305 | 348,284,509 | 3,750,980 | 1,731,561
68,845,987,394 | 351,887,639 | 3,740,654 | 1,766,699
68,845,987,240 | 354,473,495 | 3,656,045 | 1,770,872
68,845,987,220 | 348,615,674 | 3,644,173 | 1,726,212
68,845,987,241 | 350,526,629 | 3,692,766 | 1,728,569
68,845,987,213 | 351,482,776 | 3,719,251 | 1,734,906
68,845,987,217 | 353,063,542 | 3,725,260 | 1,763,339
68,845,987,228 | 351,104,777 | 3,737,754 | 1,739,483
68,845,987,265 | 351,467,990 | 3,739,033 | 1,763,182
