Performance results for ./matrix/2.mtx | threads=16 | chunksize=1000
L1-dcache-loads | L1-dcache-load-misses | LLC-loads | LLC-load-misses
2,811,998,308 | 36,338,781 | 807,406 | 234,819
2,814,682,561 | 36,470,174 | 938,517 | 102,064
2,814,349,854 | 36,391,546 | 751,149 | 203,646
2,809,004,376 | 36,370,047 | 819,014 | 216,856
2,815,231,885 | 36,543,934 | 981,825 | 214,812
2,812,545,841 | 36,428,252 | 852,087 | 212,091
2,815,885,524 | 36,314,456 | 669,419 | 225,193
2,813,679,630 | 36,474,858 | 654,929 | 220,916
2,814,850,848 | 36,478,304 | 774,312 | 188,606
2,811,700,445 | 36,448,261 | 739,851 | 190,673
