Performance results for ./matrix/2.mtx | threads=32 | chunksize=100
L1-dcache-loads | L1-dcache-load-misses | LLC-loads | LLC-load-misses
2,826,563,855 | 36,588,573 | 919,501 | 153,044
2,827,359,760 | 36,399,427 | 740,575 | 229,530
2,827,537,033 | 36,483,949 | 717,474 | 265,595
2,830,179,736 | 36,544,243 | 719,932 | 251,757
2,826,659,712 | 36,504,275 | 823,684 | 264,464
2,829,241,051 | 36,593,710 | 906,946 | 231,330
2,830,853,999 | 36,574,472 | 861,149 | 152,280
2,829,851,872 | 36,274,994 | 698,084 | 251,684
2,824,445,568 | 36,468,558 | 787,332 | 188,563
2,828,498,363 | 36,488,793 | 794,740 | 186,944
