Performance results for ./matrix/2.mtx | threads=1 | chunksize=1
L1-dcache-loads | L1-dcache-load-misses | LLC-loads | LLC-load-misses
2,804,648,582 | 36,500,264 | 1,023,147 | 243,168
2,804,636,485 | 36,420,423 | 785,803 | 171,843
2,804,636,660 | 36,442,954 | 730,236 | 190,489
2,804,636,692 | 36,507,790 | 738,357 | 186,290
2,804,636,693 | 36,381,808 | 629,502 | 209,638
2,804,636,631 | 36,361,913 | 597,209 | 211,060
2,804,636,391 | 36,431,419 | 623,552 | 187,436
2,804,636,673 | 36,544,572 | 746,133 | 98,814
2,804,636,679 | 36,410,406 | 738,762 | 123,029
2,804,636,449 | 36,221,240 | 585,962 | 215,303
