Performance results for ./matrix/4.mtx | threads=8 | chunksize=1
L1-dcache-loads | L1-dcache-load-misses | LLC-loads | LLC-load-misses
68,964,841,869 | 464,767,271 | 46,099,393 | 25,356,991
68,964,836,687 | 466,264,038 | 48,930,979 | 27,350,358
68,964,839,619 | 467,690,326 | 47,238,917 | 24,241,054
68,964,835,559 | 463,701,385 | 48,992,841 | 27,647,972
68,964,836,304 | 465,127,465 | 48,875,618 | 27,369,246
68,966,875,880 | 463,722,704 | 47,706,339 | 26,164,766
68,964,839,680 | 465,081,330 | 49,414,952 | 28,162,648
68,964,865,210 | 468,500,569 | 47,252,236 | 25,423,328
68,964,836,082 | 465,006,243 | 49,581,553 | 28,558,160
68,964,855,851 | 470,805,087 | 47,472,342 | 23,938,115
