Performance results for ./matrix/4.mtx | threads=1 | chunksize=100
L1-dcache-loads | L1-dcache-load-misses | LLC-loads | LLC-load-misses
68,847,038,781 | 349,852,369 | 3,714,657 | 1,734,903
68,847,038,859 | 352,677,873 | 3,906,733 | 1,939,896
68,847,038,728 | 349,764,852 | 3,699,958 | 1,726,077
68,847,038,781 | 351,889,843 | 3,707,954 | 1,745,388
68,847,038,736 | 352,814,218 | 3,708,952 | 1,760,560
68,847,038,745 | 348,455,471 | 3,701,339 | 1,735,968
68,847,038,877 | 351,445,151 | 3,901,578 | 1,943,809
68,847,038,799 | 350,071,344 | 3,687,091 | 1,733,526
68,847,038,853 | 350,158,012 | 3,705,702 | 1,758,154
68,847,038,884 | 353,923,596 | 3,699,117 | 1,794,580
