Performance results for ./matrix/3.mtx | threads=2 | chunksize=1000
L1-dcache-loads | L1-dcache-load-misses | LLC-loads | LLC-load-misses
49,264,000,457 | 1,085,665,018 | 480,763,108 | 331,254,113
49,263,999,863 | 1,085,682,868 | 478,900,821 | 324,209,843
49,263,979,874 | 1,079,553,338 | 478,877,628 | 335,526,933
49,263,980,341 | 1,080,233,926 | 479,286,304 | 310,897,724
49,263,976,831 | 1,081,260,362 | 479,738,024 | 312,139,253
49,263,986,613 | 1,081,635,106 | 480,264,403 | 311,678,344
49,264,143,844 | 1,088,960,045 | 478,348,491 | 312,858,491
49,263,988,321 | 1,081,459,965 | 477,743,502 | 319,431,258
49,263,977,786 | 1,081,976,635 | 474,486,835 | 41,644,166
49,263,957,958 | 1,081,244,824 | 473,961,612 | 32,263,611
