Performance results for ./matrix/5.mtx | threads=4 | chunksize=1000
L1-dcache-loads | L1-dcache-load-misses | LLC-loads | LLC-load-misses
121,222,542,967 | 438,044,609 | 36,707,588 | 21,665,656
121,222,541,336 | 446,390,675 | 26,064,308 | 13,902,128
121,222,549,079 | 447,300,098 | 26,155,895 | 15,397,071
121,222,547,301 | 451,721,537 | 36,488,342 | 21,492,879
121,222,546,871 | 447,866,925 | 37,345,849 | 21,238,731
121,222,547,549 | 452,285,548 | 36,401,435 | 19,557,341
121,222,547,692 | 458,290,736 | 36,492,905 | 19,006,700
121,222,544,490 | 443,248,391 | 26,326,477 | 15,744,987
121,222,538,376 | 439,314,813 | 26,246,631 | 15,121,654
121,222,551,113 | 440,179,434 | 26,654,773 | 17,167,261
