Performance results for ./matrix/5.mtx | threads=2 | chunksize=1
L1-dcache-loads | L1-dcache-load-misses | LLC-loads | LLC-load-misses
123,019,196,783 | 755,594,588 | 86,832,018 | 19,502,415
123,019,196,153 | 769,087,019 | 88,318,699 | 14,979,071
123,019,200,036 | 783,108,294 | 75,280,607 | 17,605,885
123,019,200,558 | 774,339,235 | 80,611,702 | 16,314,273
123,019,197,872 | 702,484,870 | 88,179,918 | 22,987,477
123,019,201,835 | 730,118,252 | 98,794,522 | 20,016,550
123,019,201,895 | 712,671,757 | 94,855,978 | 21,974,252
123,019,205,214 | 736,746,334 | 96,113,235 | 21,918,002
123,019,200,822 | 728,816,447 | 92,589,008 | 19,686,499
123,019,275,082 | 553,870,011 | 60,001,725 | 45,310,156
