Performance results for ./matrix/1.mtx | threads=2 | chunksize=100
L1-dcache-loads | L1-dcache-load-misses | LLC-loads | LLC-load-misses
570,050,881 | 6,419,180 | 97,576 | 44,679
569,828,318 | 6,385,443 | 124,966 | 63,507
569,794,920 | 6,405,563 | 145,504 | 62,717
570,031,614 | 6,423,145 | 129,241 | 72,070
569,779,092 | 6,388,699 | 118,607 | 64,851
569,909,332 | 6,390,094 | 98,067 | 40,860
570,280,443 | 6,409,207 | 93,922 | 39,349
569,984,850 | 6,376,589 | 100,709 | 46,446
570,323,617 | 6,371,717 | 96,948 | 46,183
569,780,151 | 6,396,284 | 95,146 | 45,250
