Performance results for ./matrix/2.mtx | threads=16 | chunksize=100
L1-dcache-loads | L1-dcache-load-misses | LLC-loads | LLC-load-misses
2,810,560,407 | 36,423,080 | 820,656 | 232,922
2,816,480,653 | 28,811,108 | 548,093 | 206,583
2,815,462,814 | 36,506,271 | 798,672 | 253,978
2,813,861,761 | 36,489,247 | 745,939 | 187,032
2,814,802,987 | 36,393,132 | 793,975 | 165,138
2,814,359,274 | 36,414,469 | 817,781 | 127,296
2,812,456,208 | 28,830,696 | 532,745 | 237,761
2,815,086,600 | 36,487,104 | 833,380 | 235,786
2,816,370,765 | 36,516,630 | 685,082 | 227,364
2,815,896,948 | 36,961,799 | 803,478 | 146,342
