Performance results for ./matrix/4.mtx | threads=2 | chunksize=1000
L1-dcache-loads | L1-dcache-load-misses | LLC-loads | LLC-load-misses
68,846,295,735 | 354,046,798 | 4,472,725 | 2,332,324
68,846,295,070 | 348,091,855 | 4,348,296 | 2,144,099
68,846,296,620 | 353,379,045 | 4,245,488 | 2,144,280
68,846,295,317 | 349,144,321 | 4,367,566 | 2,140,315
68,846,296,284 | 355,099,011 | 4,350,365 | 2,173,685
68,846,295,283 | 351,373,194 | 4,358,771 | 2,115,076
68,846,296,475 | 347,087,681 | 4,171,672 | 1,936,020
68,846,296,239 | 347,466,017 | 4,218,229 | 2,039,225
68,846,295,477 | 352,454,599 | 4,222,987 | 2,155,513
68,846,295,680 | 349,306,528 | 4,365,472 | 2,150,012
