Performance results for ./matrix/4.mtx | threads=2 | chunksize=1
L1-dcache-loads | L1-dcache-load-misses | LLC-loads | LLC-load-misses
68,963,017,515 | 401,198,919 | 19,045,729 | 15,437,684
68,963,017,327 | 405,484,325 | 19,170,642 | 15,600,952
68,963,017,063 | 400,452,057 | 20,073,785 | 16,446,804
68,963,017,093 | 405,227,079 | 20,131,039 | 16,534,134
68,963,017,187 | 402,883,781 | 19,914,450 | 16,235,961
68,963,018,323 | 402,328,822 | 19,917,645 | 16,263,236
68,963,017,222 | 401,740,056 | 19,114,796 | 15,481,956
68,963,016,983 | 414,112,425 | 22,924,534 | 15,762,465
68,963,016,732 | 417,865,775 | 28,026,079 | 21,376,887
68,963,018,275 | 400,812,407 | 15,215,841 | 8,594,397
