Performance results for ./matrix/5.mtx | threads=32 | chunksize=1
L1-dcache-loads | L1-dcache-load-misses | LLC-loads | LLC-load-misses
123,029,616,239 | 1,332,967,107 | 496,326,701 | 144,423,297
123,037,974,816 | 1,324,964,550 | 496,887,702 | 143,625,662
123,029,572,576 | 1,305,559,888 | 478,548,303 | 133,650,466
123,030,005,727 | 1,399,446,338 | 497,083,092 | 143,180,018
123,029,445,279 | 1,364,197,553 | 510,388,129 | 145,421,347
123,029,461,864 | 1,345,922,087 | 509,340,705 | 148,391,721
123,029,601,241 | 1,348,621,199 | 511,762,866 | 146,035,180
123,029,493,452 | 1,336,950,711 | 497,948,034 | 143,914,520
123,029,331,487 | 1,344,874,592 | 506,602,846 | 143,719,545
123,029,442,039 | 1,330,495,239 | 495,105,875 | 142,223,055
