Performance results for ./matrix/1.mtx | threads=1 | chunksize=1000
L1-dcache-loads | L1-dcache-load-misses | LLC-loads | LLC-load-misses
569,719,539 | 6,414,094 | 92,317 | 44,472
569,719,535 | 6,401,177 | 93,257 | 44,804
569,719,552 | 6,401,865 | 90,985 | 42,983
569,719,568 | 6,379,575 | 98,160 | 49,185
569,719,569 | 6,408,389 | 128,825 | 47,091
569,719,552 | 6,411,756 | 94,590 | 45,478
569,719,592 | 6,429,334 | 105,906 | 52,638
569,719,573 | 6,411,548 | 93,589 | 45,781
569,719,587 | 6,406,207 | 107,616 | 47,448
569,719,584 | 6,429,054 | 104,521 | 53,910
