Performance results for ./matrix/4.mtx | threads=32 | chunksize=1
L1-dcache-loads | L1-dcache-load-misses | LLC-loads | LLC-load-misses
68,972,658,136 | 614,339,552 | 158,504,368 | 56,432,814
68,972,549,617 | 602,692,960 | 158,605,685 | 55,446,083
68,972,511,051 | 595,606,377 | 154,838,353 | 54,585,846
68,973,128,911 | 599,828,890 | 159,204,537 | 55,007,328
68,973,317,908 | 598,141,019 | 158,500,643 | 55,226,754
68,982,022,350 | 601,610,396 | 157,692,931 | 54,713,325
68,975,359,567 | 599,738,580 | 157,214,427 | 54,414,012
68,973,311,786 | 596,616,046 | 154,788,813 | 54,122,057
68,972,727,523 | 596,172,883 | 157,154,011 | 56,278,148
68,981,966,285 | 594,739,986 | 155,137,458 | 54,284,627
