Performance results for ./matrix/1.mtx | threads=32 | chunksize=1000
L1-dcache-loads | L1-dcache-load-misses | LLC-loads | LLC-load-misses
586,697,533 | 6,419,598 | 146,987 | 70,337
572,465,555 | 6,424,715 | 218,955 | 75,185
589,320,607 | 6,406,828 | 150,421 | 70,518
586,977,430 | 6,387,546 | 155,398 | 66,970
586,870,620 | 6,405,456 | 169,133 | 73,654
593,908,206 | 6,407,012 | 157,927 | 72,689
595,587,656 | 6,404,519 | 146,807 | 64,526
586,757,826 | 6,378,262 | 149,424 | 72,808
589,685,813 | 6,415,635 | 144,270 | 69,932
585,183,371 | 6,379,976 | 160,398 | 71,783
