Performance results for ./matrix/2.mtx | threads=1 | chunksize=1000
L1-dcache-loads | L1-dcache-load-misses | LLC-loads | LLC-load-misses
2,804,217,010 | 36,543,431 | 683,335 | 163,854
2,804,216,903 | 36,567,525 | 799,652 | 122,215
2,804,216,958 | 36,504,536 | 666,577 | 228,528
2,804,216,946 | 36,533,391 | 741,297 | 217,164
2,804,216,932 | 36,379,813 | 753,285 | 236,035
2,804,217,016 | 36,395,780 | 805,444 | 211,273
2,804,217,004 | 36,361,593 | 679,209 | 220,687
2,804,216,982 | 36,469,601 | 809,980 | 161,785
2,804,230,306 | 36,443,460 | 825,324 | 160,098
2,804,217,208 | 36,421,254 | 735,293 | 99,337
