Performance results for ./matrix/1.mtx | threads=16 | chunksize=1
L1-dcache-loads | L1-dcache-load-misses | LLC-loads | LLC-load-misses
576,995,583 | 6,712,386 | 352,007 | 157,360
575,972,158 | 6,650,913 | 333,651 | 155,201
573,133,167 | 6,650,717 | 348,182 | 180,042
576,059,471 | 6,646,678 | 243,205 | 54,773
580,556,726 | 6,691,532 | 308,340 | 136,737
570,908,134 | 6,686,409 | 392,684 | 194,618
582,313,418 | 6,609,223 | 160,756 | 52,046
578,213,302 | 6,626,749 | 260,956 | 79,419
579,410,933 | 6,656,439 | 252,773 | 117,992
579,292,389 | 6,670,661 | 301,936 | 164,580
