Performance results for ./matrix/4.mtx | threads=2 | chunksize=100
L1-dcache-loads | L1-dcache-load-misses | LLC-loads | LLC-load-misses
68,847,346,859 | 352,236,018 | 5,334,627 | 2,788,335
68,847,347,239 | 351,122,825 | 5,304,561 | 2,778,640
68,847,346,901 | 350,792,336 | 5,373,181 | 2,844,365
68,847,346,713 | 350,946,068 | 5,351,168 | 2,836,812
68,847,346,284 | 349,894,390 | 5,383,164 | 2,848,827
68,847,346,945 | 348,359,742 | 5,311,599 | 2,831,633
68,847,347,190 | 353,845,995 | 5,492,159 | 3,039,126
68,847,348,063 | 348,585,975 | 5,006,778 | 2,162,866
68,847,346,303 | 349,929,321 | 5,393,630 | 2,849,617
68,847,347,409 | 348,968,472 | 5,260,352 | 2,709,939
