Performance results for ./matrix/1.mtx | threads=64 | chunksize=1
L1-dcache-loads | L1-dcache-load-misses | LLC-loads | LLC-load-misses
606,904,002 | 6,734,626 | 411,022 | 178,718
614,304,962 | 6,687,525 | 428,648 | 172,190
616,191,199 | 6,077,341 | 416,590 | 165,596
618,879,444 | 6,734,483 | 422,034 | 182,555
607,697,619 | 6,702,898 | 444,293 | 176,943
604,733,508 | 6,713,992 | 453,911 | 178,168
606,384,466 | 6,077,534 | 481,817 | 165,994
604,796,065 | 6,061,100 | 362,722 | 163,093
605,331,902 | 6,734,139 | 432,143 | 181,410
611,180,470 | 6,701,903 | 439,036 | 179,138
