Performance results for ./matrix/5.mtx | threads=64 | chunksize=1000
L1-dcache-loads | L1-dcache-load-misses | LLC-loads | LLC-load-misses
121,270,062,674 | 451,091,973 | 40,730,250 | 21,322,076
121,271,562,596 | 440,009,179 | 40,763,074 | 20,993,343
121,268,767,881 | 445,361,397 | 41,254,561 | 21,516,260
121,269,889,833 | 448,227,135 | 40,744,316 | 20,472,727
121,273,265,640 | 436,255,318 | 27,064,833 | 15,554,540
121,272,842,177 | 441,285,467 | 27,223,802 | 15,579,012
121,272,941,225 | 428,852,241 | 27,434,942 | 16,199,415
121,273,145,152 | 435,667,768 | 42,414,347 | 21,748,724
121,270,696,562 | 437,304,166 | 40,527,272 | 20,434,614
121,273,268,508 | 444,701,326 | 41,732,485 | 22,800,822
