Performance results for ./matrix/5.mtx | threads=2 | chunksize=1000
L1-dcache-loads | L1-dcache-load-misses | LLC-loads | LLC-load-misses
121,221,034,595 | 445,320,661 | 25,779,080 | 15,097,477
121,221,033,637 | 441,096,925 | 25,895,608 | 15,170,262
121,221,037,798 | 441,360,620 | 25,775,120 | 15,076,091
121,221,033,632 | 436,824,222 | 25,729,603 | 15,473,468
121,221,038,143 | 439,765,681 | 25,755,351 | 15,363,433
121,221,039,446 | 436,923,427 | 25,818,857 | 16,021,361
121,221,038,270 | 443,553,645 | 25,788,675 | 15,495,300
121,221,038,551 | 441,072,514 | 25,689,667 | 15,212,583
121,221,038,574 | 441,371,160 | 25,833,667 | 16,285,473
121,221,339,440 | 444,322,322 | 35,117,412 | 19,222,496
