Performance results for ./matrix/1.mtx | threads=4 | chunksize=1000
L1-dcache-loads | L1-dcache-load-misses | LLC-loads | LLC-load-misses
571,441,043 | 6,381,521 | 125,271 | 48,888
572,126,254 | 6,396,758 | 130,863 | 73,116
571,945,629 | 6,390,531 | 135,846 | 56,768
570,417,340 | 6,402,717 | 148,498 | 68,524
571,582,913 | 6,419,862 | 172,066 | 79,764
571,504,139 | 6,402,976 | 162,354 | 61,017
569,965,073 | 6,402,598 | 121,589 | 59,013
571,645,138 | 6,419,137 | 148,237 | 72,922
571,337,406 | 6,414,720 | 108,876 | 50,295
571,300,653 | 6,388,018 | 125,764 | 51,247
