Performance results for ./matrix/3.mtx | threads=4 | chunksize=100
L1-dcache-loads | L1-dcache-load-misses | LLC-loads | LLC-load-misses
49,264,845,556 | 1,082,904,490 | 475,375,768 | 29,577,225
49,264,843,053 | 1,080,021,124 | 479,632,180 | 301,590,124
49,264,869,991 | 1,083,309,107 | 481,710,846 | 327,331,100
49,264,877,919 | 1,086,157,693 | 481,376,068 | 326,891,180
49,264,864,947 | 1,085,307,713 | 482,058,267 | 313,266,687
49,266,150,272 | 1,085,193,771 | 481,992,715 | 316,753,447
49,264,858,510 | 1,081,800,940 | 482,107,799 | 295,972,418
49,265,860,379 | 1,085,850,091 | 481,625,505 | 329,962,060
49,264,877,316 | 1,084,615,304 | 482,455,401 | 312,853,759
49,264,872,075 | 1,086,392,176 | 482,960,128 | 323,788,725
