Performance results for ./matrix/2.mtx | threads=64 | chunksize=1000
L1-dcache-loads | L1-dcache-load-misses | LLC-loads | LLC-load-misses
2,849,408,405 | 36,476,644 | 689,815 | 230,069
2,853,778,917 | 36,517,040 | 791,957 | 274,124
2,853,695,834 | 36,467,077 | 746,383 | 261,573
2,852,573,944 | 36,249,016 | 965,337 | 194,966
2,845,653,803 | 36,430,079 | 845,433 | 118,627
2,856,902,641 | 36,393,752 | 774,490 | 236,354
2,850,090,251 | 36,401,490 | 801,408 | 164,681
2,850,877,998 | 36,370,742 | 931,508 | 210,108
2,852,016,650 | 36,469,513 | 861,062 | 194,619
2,851,021,487 | 36,429,307 | 820,661 | 227,362
