Performance results for ./matrix/5.mtx | threads=2 | chunksize=100
L1-dcache-loads | L1-dcache-load-misses | LLC-loads | LLC-load-misses
121,237,237,638 | 448,771,951 | 26,895,339 | 14,876,258
121,237,575,483 | 433,455,642 | 39,155,911 | 22,753,257
121,237,233,523 | 453,743,741 | 26,960,236 | 15,255,791
121,237,262,021 | 448,865,527 | 39,023,032 | 21,440,195
121,237,238,355 | 436,498,305 | 27,445,862 | 16,488,581
121,237,234,117 | 449,911,905 | 26,946,177 | 15,267,066
121,237,233,281 | 449,490,995 | 27,054,143 | 15,920,465
121,237,237,826 | 450,881,775 | 27,076,935 | 15,525,964
121,237,236,295 | 447,270,027 | 27,179,614 | 15,607,035
121,237,253,870 | 451,331,825 | 38,189,121 | 22,511,204
