Performance results for ./matrix/1.mtx | threads=8 | chunksize=100
L1-dcache-loads | L1-dcache-load-misses | LLC-loads | LLC-load-misses
571,113,166 | 6,405,843 | 137,109 | 74,119
572,381,716 | 6,369,253 | 133,152 | 59,210
573,949,118 | 6,382,472 | 151,746 | 62,319
573,757,470 | 5,777,698 | 122,508 | 64,150
570,106,514 | 5,769,350 | 148,564 | 79,784
572,934,282 | 6,389,669 | 128,698 | 52,748
573,287,825 | 5,762,896 | 126,232 | 75,139
572,823,590 | 5,771,512 | 105,579 | 52,232
572,972,716 | 6,389,019 | 136,716 | 52,166
573,824,954 | 6,406,660 | 119,418 | 50,221
