Performance results for ./matrix/4.mtx | threads=64 | chunksize=100
L1-dcache-loads | L1-dcache-load-misses | LLC-loads | LLC-load-misses
68,880,674,031 | 356,548,766 | 8,852,175 | 3,809,822
68,870,038,430 | 357,350,424 | 9,052,113 | 3,997,451
68,881,327,857 | 355,428,278 | 8,937,966 | 3,925,577
68,869,656,046 | 357,085,878 | 8,910,496 | 3,909,630
68,899,499,046 | 354,885,518 | 8,937,489 | 3,919,198
68,900,692,573 | 354,144,550 | 8,959,493 | 3,903,291
68,879,949,653 | 353,982,515 | 8,927,795 | 3,884,869
68,879,633,348 | 355,945,473 | 9,113,998 | 4,077,016
68,881,849,760 | 353,080,570 | 8,805,624 | 3,754,226
68,875,075,824 | 355,725,355 | 8,924,000 | 3,906,058
