Performance results for ./matrix/4.mtx | threads=4 | chunksize=1
L1-dcache-loads | L1-dcache-load-misses | LLC-loads | LLC-load-misses
68,963,622,510 | 438,389,389 | 31,932,765 | 20,727,821
68,963,621,354 | 439,609,782 | 32,421,267 | 22,367,857
68,963,621,378 | 441,107,721 | 33,455,802 | 23,115,726
68,963,623,519 | 436,127,576 | 31,292,091 | 21,165,197
68,963,622,505 | 442,132,798 | 27,555,212 | 8,780,807
68,963,623,022 | 438,283,843 | 32,913,295 | 16,586,451
68,963,620,653 | 438,149,990 | 33,706,935 | 22,177,803
68,964,522,322 | 445,236,222 | 29,447,734 | 14,582,900
68,963,623,379 | 438,476,198 | 34,084,828 | 22,610,293
68,963,620,706 | 446,246,651 | 30,955,932 | 18,582,848
