Performance results for ./matrix/1.mtx | threads=2 | chunksize=1
L1-dcache-loads | L1-dcache-load-misses | LLC-loads | LLC-load-misses
570,502,734 | 6,543,490 | 115,603 | 54,760
570,162,616 | 6,571,355 | 154,544 | 52,868
570,263,599 | 6,539,713 | 118,887 | 48,165
570,528,346 | 6,543,765 | 173,275 | 113,798
570,801,838 | 6,405,759 | 110,935 | 50,067
570,196,877 | 6,556,742 | 214,015 | 133,702
570,210,054 | 6,554,227 | 146,553 | 97,435
570,202,732 | 6,552,315 | 177,827 | 124,654
571,039,444 | 6,412,790 | 95,987 | 50,277
570,202,551 | 6,540,008 | 164,630 | 116,689
