Performance results for ./matrix/3.mtx | threads=2 | chunksize=1
L1-dcache-loads | L1-dcache-load-misses | LLC-loads | LLC-load-misses
49,293,284,402 | 1,081,910,636 | 475,776,830 | 48,034,308
49,293,337,957 | 1,086,108,049 | 479,835,377 | 316,579,515
49,293,312,196 | 1,086,871,574 | 480,330,328 | 294,067,665
49,293,313,191 | 1,085,979,345 | 479,680,858 | 315,222,053
49,293,311,138 | 1,087,054,833 | 479,828,724 | 316,093,073
49,293,313,868 | 1,078,688,552 | 479,805,532 | 315,380,753
49,293,313,503 | 1,083,367,400 | 480,236,487 | 321,120,993
49,293,312,954 | 1,083,100,668 | 483,197,233 | 321,931,137
49,293,305,408 | 1,037,853,504 | 482,255,199 | 329,066,987
49,293,289,850 | 1,082,376,192 | 478,340,778 | 56,159,559
