Performance results for ./matrix/3.mtx | threads=32 | chunksize=1000
L1-dcache-loads | L1-dcache-load-misses | LLC-loads | LLC-load-misses
49,274,336,466 | 795,668,127 | 339,655,973 | 58,205,991
49,273,906,994 | 797,455,535 | 339,854,609 | 55,031,953
49,273,833,935 | 796,160,767 | 339,638,773 | 64,466,147
49,280,704,770 | 797,522,242 | 339,444,162 | 53,414,685
49,274,034,891 | 794,564,603 | 339,819,684 | 61,806,551
49,274,590,318 | 800,307,339 | 338,521,763 | 75,590,742
49,274,356,777 | 799,843,329 | 339,411,509 | 67,270,455
49,274,304,136 | 795,930,167 | 339,810,700 | 50,398,447
49,274,392,695 | 796,337,048 | 339,911,777 | 69,963,491
49,273,920,361 | 799,127,951 | 339,081,578 | 54,143,078
