Performance results for ./matrix/1.mtx | threads=4 | chunksize=1
L1-dcache-loads | L1-dcache-load-misses | LLC-loads | LLC-load-misses
571,348,660 | 6,633,672 | 157,526 | 49,314
570,222,289 | 6,012,454 | 163,136 | 77,918
571,461,519 | 6,631,856 | 130,094 | 47,319
571,545,553 | 6,394,999 | 93,908 | 41,626
571,402,463 | 6,560,669 | 110,142 | 50,766
571,018,730 | 6,473,149 | 138,974 | 81,459
571,866,030 | 6,621,704 | 180,438 | 106,681
571,346,922 | 6,232,481 | 147,795 | 73,397
571,156,898 | 6,625,364 | 145,751 | 47,043
570,402,178 | 6,575,536 | 228,180 | 81,607
