Performance results for ./matrix/4.mtx | threads=16 | chunksize=100
L1-dcache-loads | L1-dcache-load-misses | LLC-loads | LLC-load-misses
68,851,628,101 | 354,074,240 | 8,601,307 | 3,757,169
68,851,774,945 | 353,522,658 | 8,397,503 | 3,831,920
68,851,813,597 | 356,625,844 | 8,565,853 | 3,737,812
68,851,712,629 | 352,719,570 | 8,551,547 | 3,732,868
68,851,753,215 | 353,630,207 | 8,863,228 | 3,914,729
68,851,626,785 | 353,480,356 | 8,550,596 | 3,736,826
68,851,631,267 | 354,072,357 | 8,586,269 | 3,684,352
68,851,756,510 | 354,775,059 | 8,550,273 | 3,749,454
68,851,720,804 | 353,723,499 | 8,481,762 | 3,895,406
68,851,639,683 | 356,532,433 | 8,518,914 | 3,724,383
