Performance results for ./matrix/5.mtx | threads=32 | chunksize=1000
L1-dcache-loads | L1-dcache-load-misses | LLC-loads | LLC-load-misses
121,240,267,156 | 430,397,966 | 40,099,088 | 19,238,780
121,231,612,315 | 438,426,692 | 39,683,560 | 20,582,858
121,240,294,810 | 442,936,992 | 26,842,450 | 15,099,865
121,240,389,979 | 442,617,689 | 26,811,599 | 15,026,122
121,240,993,099 | 435,150,134 | 27,274,713 | 15,527,498
121,240,379,431 | 444,331,504 | 39,905,427 | 22,306,385
121,231,632,349 | 443,132,250 | 39,427,033 | 21,822,181
121,240,321,292 | 442,919,803 | 26,818,399 | 15,251,374
121,231,617,377 | 437,537,318 | 40,787,596 | 21,609,932
121,231,500,143 | 443,177,971 | 39,599,688 | 20,477,222
