Performance results for ./matrix/1.mtx | threads=16 | chunksize=1000
L1-dcache-loads | L1-dcache-load-misses | LLC-loads | LLC-load-misses
580,741,538 | 6,422,248 | 137,585 | 62,867
579,082,885 | 6,727,189 | 196,616 | 53,222
577,681,325 | 5,757,943 | 125,124 | 66,096
578,617,638 | 6,412,487 | 134,118 | 52,858
579,633,664 | 6,397,304 | 114,431 | 59,098
577,135,844 | 6,404,703 | 163,050 | 66,788
578,174,236 | 6,413,502 | 150,624 | 63,391
575,988,612 | 6,398,762 | 165,513 | 65,489
578,737,930 | 5,784,507 | 135,519 | 72,066
578,557,401 | 6,401,888 | 141,317 | 69,992
