Performance results for ./matrix/5.mtx | threads=16 | chunksize=1
L1-dcache-loads | L1-dcache-load-misses | LLC-loads | LLC-load-misses
123,023,635,633 | 1,118,781,323 | 201,583,123 | 71,523,061
123,023,906,897 | 1,115,034,142 | 201,819,749 | 71,673,976
123,023,660,219 | 1,113,884,072 | 201,349,194 | 73,456,109
123,023,665,752 | 1,100,384,172 | 200,515,595 | 65,657,411
123,023,657,760 | 1,116,200,798 | 198,670,301 | 66,246,784
123,023,643,789 | 1,116,165,314 | 203,324,794 | 80,347,772
123,023,651,152 | 1,111,727,044 | 201,460,718 | 80,216,235
123,023,650,133 | 1,115,191,991 | 202,511,021 | 74,387,065
123,023,616,295 | 1,101,668,222 | 203,549,273 | 77,820,112
123,023,671,341 | 1,105,727,674 | 202,327,338 | 74,802,155
