Performance results for ./matrix/4.mtx | threads=32 | chunksize=1000
L1-dcache-loads | L1-dcache-load-misses | LLC-loads | LLC-load-misses
68,856,050,312 | 350,471,998 | 4,462,020 | 2,499,646
68,856,308,339 | 350,855,903 | 4,446,636 | 2,310,432
68,856,547,732 | 353,973,811 | 4,478,497 | 2,412,355
68,856,441,636 | 351,784,653 | 4,482,252 | 2,366,573
68,856,154,453 | 353,643,937 | 4,474,852 | 2,421,437
68,856,441,809 | 353,987,648 | 4,564,700 | 2,535,340
68,856,105,087 | 350,992,187 | 4,492,334 | 2,387,751
68,856,152,749 | 352,170,105 | 4,653,677 | 2,621,042
68,856,281,506 | 349,981,585 | 4,467,883 | 2,369,918
68,856,087,290 | 349,609,712 | 4,700,284 | 2,613,564
