Performance results for ./matrix/4.mtx | threads=64 | chunksize=1000
L1-dcache-loads | L1-dcache-load-misses | LLC-loads | LLC-load-misses
68,880,137,220 | 352,661,999 | 4,853,514 | 2,552,141
68,879,267,212 | 350,555,580 | 4,754,289 | 2,488,455
68,881,324,019 | 350,947,223 | 4,701,201 | 2,506,653
68,879,500,550 | 351,737,153 | 4,753,108 | 2,563,564
68,881,326,228 | 350,983,746 | 4,656,553 | 2,418,995
68,870,089,597 | 352,220,155 | 4,693,974 | 2,479,505
68,879,580,694 | 352,088,879 | 4,634,433 | 2,446,875
68,868,888,421 | 349,673,293 | 4,683,014 | 2,458,706
68,878,660,765 | 351,339,795 | 4,823,950 | 2,563,619
68,898,417,618 | 354,966,930 | 4,900,857 | 2,664,438
