Performance results for ./matrix/1.mtx | threads=1 | chunksize=100
L1-dcache-loads | L1-dcache-load-misses | LLC-loads | LLC-load-misses
569,723,301 | 5,772,190 | 107,314 | 53,150
569,723,349 | 6,404,117 | 90,991 | 43,330
569,723,372 | 6,395,497 | 111,194 | 50,427
569,723,345 | 5,797,487 | 99,437 | 53,034
569,723,349 | 6,411,268 | 105,140 | 51,768
569,723,359 | 6,392,353 | 92,538 | 44,030
569,723,303 | 6,419,707 | 90,986 | 44,997
569,723,304 | 5,765,647 | 93,912 | 47,412
569,723,331 | 6,393,994 | 111,699 | 49,110
569,723,372 | 6,393,168 | 97,282 | 45,238
