Performance results for ./matrix/4.mtx | threads=4 | chunksize=100
L1-dcache-loads | L1-dcache-load-misses | LLC-loads | LLC-load-misses
68,847,956,256 | 350,117,819 | 7,816,319 | 3,364,534
68,847,950,874 | 352,810,371 | 7,748,683 | 3,686,933
68,847,953,691 | 354,276,184 | 7,539,138 | 3,570,852
68,847,949,624 | 350,214,216 | 7,772,932 | 3,657,758
68,847,950,463 | 349,639,350 | 7,851,965 | 3,372,201
68,847,950,500 | 350,947,406 | 7,739,534 | 3,670,205
68,847,953,116 | 350,612,162 | 8,287,649 | 3,969,572
68,847,950,541 | 354,152,968 | 7,741,279 | 3,687,511
68,847,951,391 | 353,389,673 | 7,851,572 | 3,386,334
68,847,949,833 | 353,340,817 | 7,761,688 | 3,706,706
