Performance results for ./matrix/4.mtx | threads=32 | chunksize=100
L1-dcache-loads | L1-dcache-load-misses | LLC-loads | LLC-load-misses
68,857,227,522 | 355,492,646 | 8,563,056 | 3,886,977
68,857,238,752 | 355,109,857 | 8,477,269 | 3,886,062
68,856,772,643 | 354,805,663 | 8,577,578 | 3,853,147
68,856,947,227 | 354,681,137 | 8,588,592 | 3,875,596
68,857,391,838 | 352,891,516 | 8,526,324 | 3,872,179
68,857,101,161 | 352,710,543 | 8,569,836 | 3,905,639
68,857,242,938 | 355,513,846 | 8,596,083 | 4,045,913
68,857,365,446 | 355,326,802 | 8,439,245 | 3,849,489
68,856,963,447 | 356,840,359 | 8,454,273 | 3,886,467
68,857,151,334 | 356,957,048 | 8,496,878 | 3,845,250
