Performance results for ./matrix/1.mtx | threads=32 | chunksize=100
L1-dcache-loads | L1-dcache-load-misses | LLC-loads | LLC-load-misses
586,652,597 | 6,398,831 | 195,641 | 77,495
588,824,670 | 6,413,777 | 150,278 | 63,818
588,510,485 | 6,392,080 | 193,317 | 75,652
588,602,560 | 6,418,267 | 185,302 | 73,016
594,591,710 | 6,397,498 | 176,031 | 72,489
574,399,183 | 6,419,266 | 231,931 | 75,117
592,448,019 | 6,431,905 | 190,299 | 71,582
586,956,778 | 5,835,786 | 201,777 | 85,964
589,060,253 | 6,444,688 | 233,534 | 69,041
582,740,706 | 6,389,258 | 235,130 | 76,908
