Performance results for ./matrix/1.mtx | threads=1 | chunksize=1
L1-dcache-loads | L1-dcache-load-misses | LLC-loads | LLC-load-misses
570,139,124 | 5,780,911 | 93,217 | 50,493
570,139,137 | 6,399,246 | 93,940 | 46,231
570,139,144 | 6,417,452 | 92,753 | 45,004
570,139,181 | 6,407,642 | 95,636 | 47,040
570,139,105 | 6,384,250 | 102,782 | 49,303
570,139,129 | 6,408,641 | 101,323 | 47,429
570,139,115 | 6,411,302 | 90,493 | 44,135
570,139,145 | 6,417,782 | 93,639 | 43,773
570,139,112 | 6,393,459 | 105,205 | 46,304
570,139,107 | 6,375,303 | 99,743 | 51,406
