Performance results for ./matrix/5.mtx | threads=4 | chunksize=100
L1-dcache-loads | L1-dcache-load-misses | LLC-loads | LLC-load-misses
121,237,854,616 | 465,994,847 | 43,305,469 | 27,189,537
121,237,846,247 | 453,645,335 | 31,726,194 | 19,323,766
121,237,851,537 | 456,269,673 | 31,975,713 | 19,657,622
121,238,835,394 | 451,748,156 | 43,326,987 | 26,432,716
121,238,741,538 | 456,498,024 | 30,754,585 | 15,924,783
121,238,750,665 | 461,667,147 | 41,870,188 | 26,380,208
121,237,847,968 | 455,968,096 | 32,015,261 | 19,663,340
121,237,854,230 | 457,998,110 | 32,258,665 | 20,371,975
121,238,742,682 | 457,238,731 | 31,082,812 | 17,670,528
121,238,750,305 | 465,746,845 | 41,731,700 | 25,128,343
