Performance results for ./matrix/1.mtx | threads=8 | chunksize=1000
L1-dcache-loads | L1-dcache-load-misses | LLC-loads | LLC-load-misses
572,189,213 | 6,402,440 | 135,303 | 56,646
573,821,900 | 5,806,279 | 132,178 | 67,621
573,840,577 | 6,394,824 | 132,093 | 58,387
573,633,157 | 6,407,270 | 128,934 | 60,007
575,621,293 | 6,381,642 | 117,393 | 59,321
572,773,675 | 6,392,654 | 133,236 | 65,044
572,380,252 | 6,417,651 | 124,951 | 51,251
573,894,742 | 5,775,277 | 141,657 | 56,499
573,367,831 | 6,383,400 | 126,827 | 65,624
573,593,142 | 6,391,690 | 138,860 | 62,123
