Performance results for ./matrix/2.mtx | threads=4 | chunksize=1000
L1-dcache-loads | L1-dcache-load-misses | LLC-loads | LLC-load-misses
2,805,579,888 | 36,438,185 | 612,102 | 211,806
2,805,234,358 | 36,379,024 | 698,530 | 208,045
2,806,073,054 | 36,348,969 | 623,351 | 200,655
2,806,196,132 | 36,418,437 | 799,499 | 125,413
2,805,846,396 | 36,391,597 | 673,762 | 234,507
2,806,573,882 | 36,479,724 | 752,174 | 120,454
2,806,754,606 | 36,172,366 | 655,888 | 211,663
2,806,064,376 | 36,324,335 | 752,352 | 249,471
2,805,118,596 | 36,497,921 | 681,233 | 236,698
2,805,846,291 | 36,523,978 | 654,442 | 229,034
