Performance results for ./matrix/5.mtx | threads=64 | chunksize=100
L1-dcache-loads | L1-dcache-load-misses | LLC-loads | LLC-load-misses
121,286,719,230 | 484,050,465 | 71,786,147 | 36,291,668
121,289,936,794 | 472,116,958 | 71,302,796 | 35,242,435
121,289,026,613 | 480,754,594 | 70,609,905 | 34,421,649
121,286,422,796 | 485,557,088 | 70,970,493 | 34,995,445
121,286,206,270 | 499,047,451 | 79,431,961 | 37,859,200
121,286,287,816 | 491,752,293 | 71,592,509 | 34,968,964
121,286,450,312 | 491,543,990 | 73,041,872 | 35,087,566
121,286,536,869 | 498,398,623 | 72,893,704 | 35,366,649
121,289,249,324 | 486,894,122 | 81,093,127 | 39,953,392
121,286,729,211 | 493,245,940 | 72,943,327 | 35,016,078
