Performance results for ./matrix/5.mtx | threads=1 | chunksize=100
L1-dcache-loads | L1-dcache-load-misses | LLC-loads | LLC-load-misses
121,236,930,649 | 444,096,906 | 25,273,645 | 14,467,523
121,236,930,631 | 443,172,954 | 25,105,828 | 14,080,385
121,236,930,719 | 438,769,047 | 25,011,580 | 14,082,922
121,236,930,661 | 441,688,703 | 25,061,713 | 13,987,081
121,236,930,634 | 444,071,186 | 25,019,860 | 14,829,605
121,236,933,261 | 433,436,967 | 34,391,841 | 19,476,216
121,236,931,871 | 449,826,993 | 34,408,955 | 18,229,706
121,236,933,302 | 450,408,146 | 34,763,600 | 20,578,427
121,236,931,613 | 430,885,234 | 35,874,507 | 19,083,657
121,236,930,639 | 443,216,338 | 25,266,396 | 13,920,460
