Performance results for ./matrix/4.mtx | threads=8 | chunksize=1000
L1-dcache-loads | L1-dcache-load-misses | LLC-loads | LLC-load-misses
68,848,134,801 | 348,666,694 | 4,839,255 | 2,706,665
68,848,119,271 | 348,770,024 | 4,599,634 | 2,472,114
68,848,122,611 | 349,923,861 | 4,592,042 | 2,484,705
68,848,120,700 | 352,217,756 | 4,559,185 | 2,480,196
68,848,134,557 | 350,677,698 | 4,588,933 | 2,480,933
68,848,175,147 | 350,287,715 | 4,437,764 | 2,335,124
68,848,119,059 | 350,249,277 | 4,638,260 | 2,486,818
68,848,162,658 | 350,525,668 | 4,633,623 | 2,554,900
68,848,122,867 | 354,790,825 | 4,663,646 | 2,515,462
68,848,118,021 | 349,314,574 | 4,659,122 | 2,492,955
