Performance results for ./matrix/5.mtx | threads=16 | chunksize=1000
L1-dcache-loads | L1-dcache-load-misses | LLC-loads | LLC-load-misses
121,225,567,651 | 442,471,341 | 38,779,945 | 19,739,232
121,225,551,008 | 446,233,220 | 38,732,088 | 20,174,305
121,229,980,657 | 440,143,748 | 38,594,382 | 19,822,124
121,229,981,594 | 443,058,925 | 39,032,552 | 20,093,050
121,225,502,159 | 435,355,863 | 38,661,379 | 19,941,029
121,229,971,287 | 436,082,656 | 39,031,397 | 20,124,676
121,230,002,395 | 443,849,594 | 39,150,299 | 20,882,615
121,225,608,779 | 439,124,695 | 38,540,298 | 19,790,108
121,225,505,405 | 438,025,813 | 38,897,469 | 20,558,013
121,230,006,633 | 437,537,190 | 38,949,860 | 20,330,217
