Performance results for ./matrix/3.mtx | threads=4 | chunksize=1000
L1-dcache-loads | L1-dcache-load-misses | LLC-loads | LLC-load-misses
49,264,585,500 | 1,079,740,469 | 475,318,578 | 25,867,988
49,266,219,510 | 1,072,794,214 | 483,802,748 | 62,952,788
49,266,169,224 | 1,074,420,178 | 483,148,809 | 325,060,185
49,264,672,996 | 1,083,414,703 | 484,439,533 | 330,267,675
49,264,741,389 | 1,080,346,951 | 483,240,700 | 313,867,417
49,265,145,514 | 1,083,374,212 | 481,356,465 | 305,422,842
49,265,468,081 | 1,084,673,411 | 480,352,891 | 307,613,295
49,264,728,105 | 1,083,971,662 | 482,299,773 | 317,444,728
49,264,715,949 | 1,087,610,392 | 481,733,734 | 303,060,680
49,264,681,904 | 1,080,864,811 | 480,628,481 | 302,780,075
