Performance results for ./matrix/4.mtx | threads=16 | chunksize=1000
L1-dcache-loads | L1-dcache-load-misses | LLC-loads | LLC-load-misses
68,850,723,197 | 350,855,919 | 4,256,664 | 2,208,355
68,850,682,250 | 352,133,540 | 4,368,077 | 2,384,535
68,850,659,801 | 353,179,841 | 4,291,520 | 2,248,497
68,850,669,900 | 353,100,244 | 4,395,753 | 2,353,649
68,850,634,178 | 349,501,591 | 4,387,579 | 2,357,759
68,850,647,413 | 351,763,410 | 4,467,115 | 2,361,250
68,850,603,827 | 351,961,596 | 4,439,742 | 2,376,457
68,850,757,844 | 350,724,236 | 4,151,586 | 2,184,986
68,850,621,230 | 350,410,837 | 4,456,581 | 2,403,592
68,850,618,612 | 354,021,944 | 4,408,206 | 2,347,536
