Performance results for ./matrix/4.mtx | threads=4 | chunksize=1000
L1-dcache-loads | L1-dcache-load-misses | LLC-loads | LLC-load-misses
68,846,899,276 | 349,894,864 | 4,550,909 | 2,423,953
68,846,898,586 | 350,408,177 | 4,536,742 | 2,401,469
68,846,904,648 | 349,073,095 | 4,567,199 | 2,448,043
68,846,933,257 | 354,868,291 | 4,544,836 | 2,411,258
68,846,901,215 | 351,555,878 | 4,557,101 | 2,408,763
68,846,929,170 | 350,724,590 | 4,562,823 | 2,450,513
68,846,901,094 | 353,586,793 | 4,577,537 | 2,418,882
68,846,899,369 | 349,736,663 | 4,614,904 | 2,414,356
68,846,904,927 | 351,423,295 | 4,714,906 | 2,578,943
68,846,899,463 | 348,678,965 | 4,728,898 | 2,586,244
