Performance results for ./matrix/1.mtx | threads=4 | chunksize=100
L1-dcache-loads | L1-dcache-load-misses | LLC-loads | LLC-load-misses
570,933,429 | 6,417,511 | 124,285 | 69,057
571,292,876 | 6,378,512 | 137,585 | 58,277
571,276,196 | 6,401,910 | 140,825 | 67,954
570,717,591 | 6,390,907 | 130,384 | 53,959
571,580,022 | 6,411,064 | 117,737 | 52,105
571,364,783 | 5,812,988 | 124,047 | 69,447
571,635,950 | 6,413,527 | 102,314 | 49,281
569,945,663 | 6,405,474 | 152,133 | 46,782
569,862,176 | 5,758,541 | 131,483 | 76,549
570,089,662 | 6,381,174 | 163,139 | 86,637
