Performance results for ./matrix/4.mtx | threads=8 | chunksize=100
L1-dcache-loads | L1-dcache-load-misses | LLC-loads | LLC-load-misses
68,849,181,222 | 355,400,716 | 8,995,769 | 3,918,354
68,849,190,980 | 355,303,490 | 9,047,195 | 3,898,535
68,849,174,485 | 354,375,148 | 9,071,938 | 3,910,068
68,849,173,188 | 355,775,720 | 8,992,137 | 3,909,961
68,849,210,881 | 352,098,422 | 8,626,204 | 3,939,859
68,849,181,525 | 353,039,955 | 8,509,463 | 3,745,983
68,849,173,260 | 355,517,312 | 9,018,038 | 3,904,164
68,849,199,122 | 351,530,763 | 8,584,217 | 3,873,923
68,849,163,458 | 350,075,364 | 8,704,424 | 3,945,700
68,849,282,287 | 354,249,280 | 8,084,989 | 3,642,180
