Performance results for ./matrix/3.mtx | threads=2 | chunksize=100
L1-dcache-loads | L1-dcache-load-misses | LLC-loads | LLC-load-misses
49,264,227,401 | 1,077,479,135 | 476,689,607 | 227,765,150
49,264,253,805 | 1,083,734,214 | 480,928,628 | 326,534,038
49,264,246,726 | 1,083,312,915 | 481,223,758 | 316,086,874
49,264,549,089 | 1,086,056,941 | 484,516,156 | 334,146,214
49,264,248,679 | 1,084,579,272 | 478,135,419 | 322,946,372
49,264,246,808 | 1,081,623,335 | 481,246,552 | 323,728,067
49,264,246,996 | 1,082,339,533 | 478,051,925 | 315,167,333
49,264,252,721 | 1,087,024,822 | 477,537,840 | 320,825,844
49,264,241,161 | 1,083,101,215 | 477,710,909 | 284,366,729
49,264,218,654 | 1,082,607,788 | 475,805,926 | 50,048,143
