Performance results for ./matrix/4.mtx | threads=64 | chunksize=1
L1-dcache-loads | L1-dcache-load-misses | LLC-loads | LLC-load-misses
68,993,797,168 | 631,377,806 | 184,081,055 | 57,286,992
68,995,728,012 | 632,095,210 | 184,106,582 | 57,072,279
68,995,907,628 | 627,000,521 | 185,269,056 | 56,905,629
68,996,344,547 | 629,062,139 | 183,418,476 | 57,162,324
68,996,382,290 | 627,118,663 | 183,824,116 | 57,097,322
68,996,868,557 | 628,943,898 | 186,158,034 | 56,799,643
69,004,199,747 | 624,451,827 | 181,896,798 | 56,333,395
68,985,946,263 | 635,145,962 | 186,799,990 | 56,955,171
68,994,433,782 | 630,784,699 | 184,610,530 | 56,880,393
68,995,497,423 | 631,289,577 | 186,835,440 | 57,322,677
