Performance results for ./matrix/1.mtx | threads=2 | chunksize=1000
L1-dcache-loads | L1-dcache-load-misses | LLC-loads | LLC-load-misses
570,619,882 | 6,397,825 | 92,490 | 47,406
569,851,160 | 5,772,116 | 96,316 | 51,503
570,319,859 | 6,409,644 | 92,406 | 47,116
569,794,949 | 6,410,529 | 99,597 | 35,972
569,769,468 | 6,404,762 | 97,927 | 46,500
570,619,877 | 6,397,448 | 92,992 | 45,554
570,033,270 | 6,401,339 | 113,049 | 66,135
570,619,867 | 6,397,516 | 89,105 | 42,953
570,075,297 | 6,393,036 | 108,826 | 62,123
570,504,868 | 6,398,673 | 106,945 | 61,027
