Performance results for ./matrix/2.mtx | threads=32 | chunksize=1000
L1-dcache-loads | L1-dcache-load-misses | LLC-loads | LLC-load-misses
2,828,679,438 | 36,378,953 | 843,009 | 212,541
2,828,040,575 | 36,526,902 | 890,281 | 222,557
2,826,781,712 | 36,445,048 | 819,718 | 243,893
2,827,232,384 | 36,495,147 | 875,488 | 298,916
2,820,512,086 | 36,529,300 | 727,058 | 154,235
2,825,762,369 | 36,498,732 | 867,838 | 234,886
2,824,306,837 | 36,408,940 | 770,243 | 243,028
2,828,069,786 | 36,488,370 | 776,711 | 192,673
2,827,887,917 | 36,512,751 | 753,496 | 236,657
2,822,821,529 | 36,491,369 | 803,372 | 208,201
