Performance results for ./matrix/5.mtx | threads=16 | chunksize=100
L1-dcache-loads | L1-dcache-load-misses | LLC-loads | LLC-load-misses
121,246,150,096 | 458,404,453 | 34,137,366 | 22,023,714
121,241,705,884 | 474,722,986 | 56,529,733 | 30,886,667
121,241,788,256 | 473,738,288 | 57,857,790 | 32,903,003
121,246,192,134 | 473,314,996 | 55,441,424 | 29,562,060
121,241,645,795 | 477,843,371 | 58,542,643 | 32,165,103
121,246,173,317 | 476,187,605 | 57,376,548 | 32,260,170
121,241,687,915 | 474,048,006 | 57,323,493 | 31,628,141
121,241,646,405 | 476,583,811 | 59,438,666 | 33,095,353
121,246,168,577 | 476,982,748 | 56,324,484 | 30,808,233
121,241,727,235 | 474,326,054 | 57,520,257 | 32,108,393
