Performance results for ./matrix/1.mtx | threads=64 | chunksize=1000
L1-dcache-loads | L1-dcache-load-misses | LLC-loads | LLC-load-misses
610,252,804 | 6,429,913 | 217,345 | 77,458
613,693,875 | 6,409,534 | 221,322 | 77,995
620,306,853 | 6,441,407 | 235,252 | 83,911
605,593,652 | 6,451,536 | 200,355 | 73,552
597,626,369 | 6,422,612 | 201,227 | 67,892
605,633,036 | 6,419,566 | 219,161 | 74,227
605,902,955 | 6,428,921 | 229,150 | 78,011
606,678,623 | 6,440,619 | 215,957 | 88,664
610,361,779 | 6,433,607 | 204,658 | 75,419
607,526,475 | 6,420,669 | 219,896 | 73,111
