Performance results for ./matrix/2.mtx | threads=64 | chunksize=1
L1-dcache-loads | L1-dcache-load-misses | LLC-loads | LLC-load-misses
2,856,366,499 | 36,793,563 | 1,293,044 | 422,446
2,859,778,214 | 36,864,175 | 1,280,452 | 398,354
2,851,887,085 | 36,732,847 | 1,117,767 | 373,720
2,858,561,872 | 36,925,694 | 1,044,851 | 398,053
2,854,932,436 | 36,873,906 | 1,231,631 | 385,484
2,857,179,440 | 36,740,562 | 1,198,850 | 441,506
2,851,358,171 | 36,807,064 | 1,000,027 | 415,519
2,852,597,962 | 36,728,888 | 1,077,776 | 409,254
2,855,385,698 | 36,813,597 | 1,005,096 | 418,504
2,855,495,622 | 36,741,206 | 1,102,102 | 413,120
