Performance results for ./matrix/4.mtx | threads=1 | chunksize=1
L1-dcache-loads | L1-dcache-load-misses | LLC-loads | LLC-load-misses
68,962,708,765 | 351,121,357 | 3,389,694 | 1,860,213
68,962,708,769 | 349,607,029 | 3,250,530 | 1,640,952
68,962,708,897 | 352,936,476 | 3,261,551 | 1,685,006
68,962,708,859 | 351,096,108 | 3,259,564 | 1,694,680
68,962,709,012 | 349,831,192 | 3,259,200 | 1,687,301
68,962,708,811 | 350,638,366 | 3,277,521 | 1,687,331
68,962,708,790 | 352,911,932 | 3,201,132 | 1,682,345
68,962,708,781 | 351,607,582 | 3,252,317 | 1,655,977
68,962,708,847 | 348,376,445 | 3,293,698 | 1,654,953
68,962,708,787 | 349,702,587 | 3,256,756 | 1,661,201
