Performance results for ./matrix/1.mtx | threads=32 | chunksize=1
L1-dcache-loads | L1-dcache-load-misses | LLC-loads | LLC-load-misses
570,878,283 | 6,391,611 | 306,049 | 46,795
570,664,356 | 6,388,507 | 307,889 | 46,000
570,810,682 | 6,396,239 | 298,700 | 47,971
570,545,561 | 6,393,043 | 282,992 | 46,866
570,579,182 | 6,412,287 | 304,019 | 46,165
570,548,237 | 6,407,184 | 330,896 | 47,176
570,813,847 | 6,399,486 | 302,850 | 46,785
570,564,821 | 6,401,033 | 313,296 | 47,880
570,575,290 | 6,397,667 | 280,282 | 48,106
578,293,765 | 6,411,335 | 296,138 | 46,162
