Performance results for ./matrix/5.mtx | threads=16 | chunksize=1000
L1-dcache-loads | L1-dcache-load-misses | LLC-loads | LLC-load-misses
121,228,398,486 | 436,649,713 | 33,016,863 | 25,797,205
121,228,049,458 | 438,166,031 | 34,571,295 | 27,974,324
121,228,146,801 | 435,799,159 | 34,380,410 | 26,762,360
121,228,042,695 | 439,799,981 | 34,745,421 | 26,104,540
121,231,048,958 | 439,697,975 | 33,558,242 | 26,508,716
121,228,164,237 | 441,708,017 | 36,791,773 | 29,744,966
121,231,210,352 | 424,970,344 | 34,210,214 | 21,299,680
121,231,649,270 | 421,948,556 | 34,414,120 | 23,195,350
121,228,024,151 | 416,586,605 | 34,011,165 | 21,160,825
121,229,558,593 | 421,467,954 | 34,951,471 | 27,764,583
