Performance results for ./matrix/4.mtx | threads=16 | chunksize=1
L1-dcache-loads | L1-dcache-load-misses | LLC-loads | LLC-load-misses
68,849,448,312 | 344,872,222 | 2,625,696 | 838,570
68,851,007,401 | 347,700,695 | 2,699,962 | 868,432
68,850,862,176 | 345,213,385 | 2,671,921 | 848,082
68,849,431,448 | 345,638,542 | 2,646,630 | 850,011
68,848,279,685 | 346,081,458 | 2,619,456 | 854,541
68,850,999,852 | 345,913,075 | 2,666,593 | 841,103
68,848,279,899 | 345,388,039 | 2,632,889 | 856,002
68,852,268,951 | 346,111,324 | 2,675,887 | 854,185
68,851,051,381 | 345,393,353 | 2,674,656 | 852,014
68,851,475,415 | 345,006,012 | 2,654,676 | 847,024
