Performance results for ./matrix/3.mtx | threads=1 | chunksize=1000
L1-dcache-loads | L1-dcache-load-misses | LLC-loads | LLC-load-misses
49,263,618,816 | 974,557,243 | 477,910,108 | 41,253,812
49,263,618,829 | 986,943,352 | 475,848,201 | 38,692,200
49,263,618,825 | 973,257,282 | 478,149,665 | 40,642,289
49,263,618,812 | 980,646,441 | 477,155,015 | 38,969,846
49,263,618,823 | 979,059,613 | 476,440,726 | 47,145,698
49,263,618,812 | 976,043,807 | 477,515,507 | 39,286,882
49,263,618,815 | 986,847,329 | 475,620,350 | 39,556,357
49,263,618,814 | 977,235,710 | 477,010,147 | 40,808,452
49,263,618,818 | 977,221,831 | 477,083,399 | 41,445,231
49,263,618,808 | 977,286,615 | 477,098,496 | 40,050,460
