Performance results for ./matrix/3.mtx | threads=1 | chunksize=1
L1-dcache-loads | L1-dcache-load-misses | LLC-loads | LLC-load-misses
49,263,618,799 | 801,791,961 | 341,884,214 | 35,643,021
49,263,618,798 | 802,188,500 | 341,858,377 | 37,199,143
49,263,618,804 | 795,136,333 | 342,313,331 | 38,124,093
49,263,618,797 | 795,191,437 | 342,194,460 | 36,900,267
49,263,618,791 | 795,347,007 | 342,156,396 | 36,100,604
49,263,618,792 | 795,472,068 | 342,219,109 | 36,401,749
49,263,618,799 | 799,386,509 | 341,834,942 | 35,154,127
49,263,618,799 | 796,121,571 | 341,962,849 | 37,567,053
49,263,618,801 | 798,268,727 | 341,912,201 | 35,206,937
49,263,618,810 | 795,105,937 | 342,405,920 | 36,097,904
