Performance results for ./matrix/1.mtx | threads=1 | chunksize=100
L1-dcache-loads | L1-dcache-load-misses | LLC-loads | LLC-load-misses
569,717,602 | 6,381,217 | 99,612 | 17,650
569,717,594 | 6,372,503 | 103,894 | 17,422
569,717,593 | 5,764,018 | 99,587 | 15,914
569,717,597 | 5,752,740 | 97,253 | 15,639
569,717,601 | 5,767,078 | 102,148 | 17,979
569,717,594 | 5,758,721 | 103,689 | 19,625
569,717,600 | 5,756,246 | 134,892 | 21,916
569,717,605 | 5,751,307 | 103,355 | 21,544
569,717,602 | 5,753,039 | 97,349 | 18,301
569,717,601 | 5,745,724 | 99,846 | 16,720
