Performance results for ./matrix/1.mtx | threads=64 | chunksize=1000
L1-dcache-loads | L1-dcache-load-misses | LLC-loads | LLC-load-misses
588,174,580 | 6,416,654 | 333,483 | 49,083
602,148,667 | 6,412,435 | 278,360 | 48,482
600,671,747 | 6,416,337 | 300,168 | 45,296
572,659,648 | 6,393,366 | 313,768 | 48,553
572,523,861 | 6,429,724 | 310,046 | 49,841
588,998,528 | 6,414,408 | 276,898 | 49,011
604,428,616 | 6,428,650 | 315,040 | 48,002
572,746,743 | 6,401,447 | 306,281 | 47,795
603,138,182 | 6,411,619 | 284,575 | 47,291
574,715,668 | 6,408,289 | 303,542 | 48,236
