Performance results for ./matrix/5.mtx | threads=16 | chunksize=1
L1-dcache-loads | L1-dcache-load-misses | LLC-loads | LLC-load-misses
121,230,263,110 | 428,396,491 | 37,108,066 | 28,174,414
121,231,067,716 | 427,491,460 | 33,353,725 | 21,061,891
121,228,501,742 | 427,878,429 | 34,421,191 | 26,036,730
121,228,113,416 | 428,629,900 | 35,761,695 | 27,200,282
121,230,307,939 | 439,198,508 | 33,593,151 | 26,292,434
121,230,148,581 | 431,898,354 | 34,403,726 | 27,218,767
121,228,470,896 | 432,770,338 | 33,946,310 | 22,800,730
121,228,252,202 | 436,903,690 | 35,794,115 | 28,617,136
121,228,039,014 | 422,678,290 | 34,156,423 | 23,782,792
121,228,033,878 | 436,271,209 | 33,623,821 | 21,568,493
