Performance results for ./matrix/2.mtx | threads=32 | chunksize=1
L1-dcache-loads | L1-dcache-load-misses | LLC-loads | LLC-load-misses
2,804,798,788 | 28,677,541 | 735,533 | 261,194
2,804,818,299 | 28,591,982 | 731,467 | 261,405
2,804,827,115 | 28,642,404 | 745,061 | 259,807
2,804,799,429 | 28,670,840 | 712,895 | 259,873
2,804,976,298 | 28,647,045 | 699,989 | 256,585
2,805,082,184 | 28,600,067 | 658,697 | 256,151
2,804,917,332 | 28,676,673 | 747,103 | 262,745
2,804,838,149 | 28,671,849 | 732,107 | 259,542
2,804,840,268 | 28,605,061 | 705,396 | 260,881
2,805,069,766 | 28,618,703 | 710,118 | 256,701
