Performance results for ./matrix/1.mtx | threads=4 | chunksize=1
L1-dcache-loads | L1-dcache-load-misses | LLC-loads | LLC-load-misses
569,756,599 | 5,758,290 | 135,098 | 23,871
569,744,505 | 5,768,409 | 123,519 | 23,918
569,756,148 | 5,761,245 | 134,658 | 24,599
569,744,181 | 5,747,226 | 145,199 | 25,629
569,758,701 | 5,779,674 | 121,170 | 23,415
569,764,303 | 5,763,214 | 146,506 | 25,327
569,760,209 | 5,755,846 | 125,522 | 22,003
569,759,140 | 5,760,044 | 131,297 | 24,895
569,759,198 | 5,759,898 | 124,844 | 27,568
569,776,176 | 5,763,737 | 132,967 | 26,468
