Performance results for ./matrix/2.mtx | threads=16 | chunksize=1000
L1-dcache-loads | L1-dcache-load-misses | LLC-loads | LLC-load-misses
2,804,470,730 | 28,717,369 | 595,624 | 250,921
2,804,561,537 | 28,637,963 | 575,083 | 247,417
2,804,581,359 | 28,615,619 | 617,056 | 251,751
2,804,505,951 | 28,653,510 | 653,366 | 254,224
2,804,489,400 | 28,661,504 | 803,100 | 253,505
2,804,500,628 | 28,601,519 | 637,165 | 256,045
2,804,491,348 | 28,684,098 | 645,330 | 250,593
2,805,773,018 | 36,332,584 | 748,502 | 199,272
2,804,528,042 | 28,610,513 | 610,488 | 251,158
2,804,522,817 | 28,616,067 | 646,052 | 253,661
