Performance results for ./matrix/5.mtx | threads=64 | chunksize=1000
L1-dcache-loads | L1-dcache-load-misses | LLC-loads | LLC-load-misses
121,275,673,081 | 437,070,406 | 34,686,948 | 24,444,802
121,275,075,779 | 421,090,088 | 36,166,533 | 26,450,447
121,274,892,899 | 432,677,343 | 34,651,217 | 24,459,852
121,272,375,312 | 428,887,246 | 36,946,982 | 26,215,381
121,273,332,207 | 424,181,205 | 34,546,645 | 26,269,318
121,274,431,667 | 434,541,386 | 33,742,123 | 23,675,625
121,275,817,789 | 426,690,899 | 37,115,939 | 28,513,198
121,275,634,305 | 431,172,483 | 34,731,583 | 24,730,122
121,275,340,332 | 430,484,775 | 35,678,899 | 26,471,757
121,275,677,044 | 432,181,916 | 34,385,405 | 23,699,053
