Performance results for ./matrix/5.mtx | threads=2 | chunksize=1000
L1-dcache-loads | L1-dcache-load-misses | LLC-loads | LLC-load-misses
121,219,552,118 | 420,987,861 | 34,127,067 | 27,228,993
121,219,861,332 | 430,949,636 | 33,826,715 | 27,055,133
121,219,544,007 | 435,422,774 | 32,818,175 | 21,495,639
121,219,842,271 | 427,258,289 | 33,428,743 | 26,425,215
121,219,605,736 | 426,098,631 | 34,586,889 | 27,137,656
121,219,543,285 | 436,373,829 | 32,893,543 | 21,667,903
121,219,540,641 | 431,001,618 | 33,499,157 | 20,645,845
121,219,543,697 | 439,741,394 | 32,600,712 | 19,162,880
121,219,839,510 | 433,284,616 | 33,932,616 | 21,237,476
121,219,556,670 | 431,764,262 | 34,533,015 | 23,892,092
