Performance results for ./matrix/2.mtx | threads=1 | chunksize=1000
L1-dcache-loads | L1-dcache-load-misses | LLC-loads | LLC-load-misses
2,804,214,718 | 36,298,057 | 607,093 | 178,999
2,804,214,711 | 36,262,230 | 549,357 | 178,403
2,804,214,716 | 36,310,122 | 626,837 | 178,732
2,804,214,716 | 36,285,633 | 959,081 | 173,776
2,804,214,710 | 36,308,472 | 563,467 | 176,805
2,804,214,723 | 36,318,885 | 628,737 | 180,088
2,804,214,710 | 36,332,972 | 738,597 | 176,735
2,804,214,713 | 36,329,528 | 588,659 | 177,406
2,804,214,718 | 36,221,745 | 626,814 | 178,091
2,804,214,710 | 36,295,406 | 587,840 | 177,431
