Performance results for ./matrix/2.mtx | threads=8 | chunksize=1
L1-dcache-loads | L1-dcache-load-misses | LLC-loads | LLC-load-misses
2,804,302,404 | 28,662,919 | 577,754 | 252,801
2,804,300,558 | 28,654,366 | 571,245 | 249,890
2,804,301,897 | 28,577,250 | 562,925 | 251,386
2,804,307,490 | 28,710,249 | 662,539 | 254,490
2,804,300,377 | 28,599,693 | 589,037 | 252,189
2,804,298,655 | 28,659,405 | 554,175 | 249,426
2,804,851,263 | 36,218,480 | 664,659 | 196,481
2,804,302,030 | 28,622,137 | 543,619 | 247,627
2,804,332,364 | 28,631,023 | 539,493 | 246,599
2,804,313,512 | 28,635,621 | 709,724 | 255,500
