Performance results for ./matrix/5.mtx | threads=1 | chunksize=1000
L1-dcache-loads | L1-dcache-load-misses | LLC-loads | LLC-load-misses
121,218,936,527 | 440,890,905 | 32,622,598 | 19,997,256
121,218,937,675 | 430,130,253 | 32,752,152 | 20,498,630
121,218,938,719 | 430,265,462 | 34,226,881 | 21,342,937
121,218,937,928 | 432,159,773 | 34,012,229 | 23,597,706
121,218,937,712 | 437,831,409 | 33,035,834 | 19,891,060
121,218,939,884 | 432,656,528 | 33,597,331 | 26,453,690
121,218,936,697 | 429,283,140 | 32,907,295 | 18,532,269
121,218,941,294 | 440,466,275 | 33,061,469 | 27,469,290
121,219,047,417 | 409,198,093 | 32,690,354 | 23,428,481
121,218,936,146 | 438,759,256 | 32,868,434 | 19,283,958
