Performance results for ./matrix/3.mtx | threads=4 | chunksize=1
L1-dcache-loads | L1-dcache-load-misses | LLC-loads | LLC-load-misses
49,264,015,238 | 796,652,698 | 341,082,491 | 35,764,617
49,264,024,389 | 796,945,986 | 341,293,187 | 35,596,080
49,264,527,257 | 982,727,921 | 475,216,886 | 37,349,696
49,265,425,189 | 980,144,281 | 476,047,702 | 37,216,285
49,265,425,322 | 973,966,161 | 476,570,366 | 40,865,746
49,264,013,884 | 795,952,742 | 341,243,521 | 35,215,058
49,265,425,476 | 976,871,330 | 476,109,512 | 38,177,000
49,265,425,234 | 974,692,812 | 476,548,546 | 38,235,438
49,264,612,436 | 983,034,044 | 475,124,646 | 40,721,044
49,265,425,765 | 983,408,146 | 475,072,013 | 37,437,325
