Performance results for ./matrix/1.mtx | threads=32 | chunksize=100
L1-dcache-loads | L1-dcache-load-misses | LLC-loads | LLC-load-misses
570,550,885 | 6,404,491 | 297,814 | 47,508
570,598,665 | 6,382,705 | 306,171 | 47,028
570,677,141 | 6,395,488 | 301,614 | 46,623
570,532,714 | 6,391,183 | 310,729 | 47,066
570,550,155 | 6,387,932 | 304,661 | 46,766
570,607,649 | 6,385,162 | 336,073 | 45,898
570,512,402 | 6,402,824 | 312,463 | 45,320
570,562,115 | 6,401,406 | 303,607 | 47,702
570,588,041 | 6,391,435 | 321,072 | 46,632
570,603,143 | 6,380,861 | 302,517 | 46,233
