Performance results for ./matrix/4.mtx | threads=64 | chunksize=1000
L1-dcache-loads | L1-dcache-load-misses | LLC-loads | LLC-load-misses
68,874,449,999 | 344,470,058 | 2,884,661 | 924,793
68,886,502,267 | 345,445,052 | 2,771,840 | 926,737
68,880,486,302 | 345,539,365 | 2,894,506 | 921,128
68,889,000,317 | 347,170,038 | 2,840,854 | 927,419
68,888,769,550 | 345,835,120 | 2,943,308 | 926,567
68,875,865,398 | 345,138,902 | 2,876,149 | 931,243
68,877,051,565 | 343,926,160 | 2,867,611 | 920,578
68,889,563,094 | 347,813,608 | 2,909,999 | 929,246
68,876,757,354 | 345,745,860 | 2,936,624 | 927,562
68,885,545,811 | 345,287,925 | 2,822,247 | 905,549
