Performance results for ./matrix/3.mtx | threads=16 | chunksize=100
L1-dcache-loads | L1-dcache-load-misses | LLC-loads | LLC-load-misses
49,272,673,723 | 973,932,334 | 476,623,219 | 45,525,314
49,272,564,557 | 976,954,757 | 476,504,402 | 39,310,895
49,272,626,290 | 982,230,658 | 475,506,288 | 37,034,754
49,272,643,425 | 980,789,324 | 475,149,749 | 38,917,657
49,272,655,668 | 978,512,346 | 476,146,216 | 38,374,739
49,272,633,058 | 979,161,315 | 476,277,296 | 36,097,319
49,272,664,174 | 987,082,130 | 474,966,880 | 36,733,777
49,272,689,376 | 982,084,131 | 475,772,674 | 37,626,723
49,272,659,843 | 986,649,750 | 474,954,643 | 38,328,421
49,272,721,517 | 975,276,256 | 476,838,487 | 36,559,521
