Performance results for ./matrix/5.mtx | threads=1 | chunksize=1
L1-dcache-loads | L1-dcache-load-misses | LLC-loads | LLC-load-misses
121,218,946,474 | 440,292,302 | 34,088,226 | 28,572,943
121,218,940,972 | 442,050,004 | 33,587,919 | 26,068,096
121,218,947,056 | 435,696,319 | 34,112,639 | 28,332,471
121,218,949,001 | 441,212,266 | 32,785,691 | 27,326,297
121,218,941,676 | 440,211,253 | 34,205,348 | 26,745,348
121,218,942,033 | 445,190,372 | 33,276,432 | 28,165,244
121,218,943,330 | 434,979,021 | 32,966,604 | 25,540,062
121,218,944,141 | 437,670,125 | 33,330,385 | 28,894,129
121,218,947,095 | 418,316,964 | 34,649,859 | 27,389,012
121,218,941,949 | 431,187,993 | 33,464,253 | 24,565,475
