Performance results for ./matrix/1.mtx | threads=16 | chunksize=1
L1-dcache-loads | L1-dcache-load-misses | LLC-loads | LLC-load-misses
570,010,918 | 6,379,821 | 229,953 | 37,297
570,220,476 | 6,381,118 | 231,406 | 42,152
570,052,142 | 6,390,383 | 235,621 | 38,007
570,032,553 | 6,381,224 | 214,449 | 35,936
570,085,839 | 6,393,680 | 235,332 | 38,768
570,089,976 | 6,375,444 | 275,564 | 42,327
570,044,755 | 6,384,011 | 222,592 | 38,153
570,043,132 | 6,391,660 | 211,962 | 36,242
570,040,050 | 6,413,063 | 223,163 | 37,580
570,081,428 | 6,396,854 | 242,208 | 42,593
