Performance results for ./matrix/4.mtx | threads=32 | chunksize=100
L1-dcache-loads | L1-dcache-load-misses | LLC-loads | LLC-load-misses
68,851,521,391 | 346,784,846 | 2,769,832 | 888,390
68,853,343,985 | 345,940,891 | 2,651,643 | 897,150
68,854,019,249 | 345,709,541 | 2,707,912 | 881,103
68,852,984,148 | 345,255,392 | 2,643,483 | 870,856
68,852,833,018 | 345,614,924 | 2,727,462 | 877,296
68,851,104,292 | 346,380,421 | 2,663,515 | 893,422
68,852,680,427 | 345,594,353 | 2,699,323 | 880,993
68,860,370,915 | 345,567,908 | 2,847,866 | 879,260
68,860,785,063 | 344,904,909 | 2,748,495 | 887,405
68,852,376,370 | 344,752,765 | 2,781,511 | 864,954
