Performance results for ./matrix/3.mtx | threads=8 | chunksize=1
L1-dcache-loads | L1-dcache-load-misses | LLC-loads | LLC-load-misses
49,267,586,445 | 976,808,627 | 476,328,951 | 37,165,346
49,267,831,913 | 980,556,572 | 476,047,706 | 37,377,098
49,267,855,282 | 980,827,571 | 475,776,484 | 40,744,086
49,267,832,648 | 989,869,817 | 475,108,996 | 39,361,272
49,267,838,077 | 975,064,891 | 476,759,750 | 37,877,477
49,267,658,035 | 975,871,435 | 476,317,004 | 36,791,941
49,267,826,987 | 983,513,731 | 475,239,045 | 37,763,588
49,267,832,066 | 978,557,910 | 475,820,690 | 36,288,225
49,267,831,989 | 986,480,146 | 474,933,829 | 36,028,460
49,267,841,065 | 981,938,974 | 475,351,217 | 41,286,522
