Performance results for ./matrix/2.mtx | threads=8 | chunksize=1000
L1-dcache-loads | L1-dcache-load-misses | LLC-loads | LLC-load-misses
2,804,320,911 | 28,609,283 | 677,166 | 251,323
2,804,360,812 | 28,621,532 | 615,880 | 246,272
2,804,354,981 | 28,667,792 | 528,924 | 250,225
2,804,332,957 | 28,605,863 | 547,248 | 251,414
2,804,319,399 | 28,690,059 | 561,376 | 251,126
2,804,324,006 | 28,639,392 | 554,497 | 248,969
2,804,322,858 | 28,781,345 | 637,370 | 252,475
2,804,319,904 | 28,660,297 | 578,322 | 250,911
2,804,313,440 | 28,633,080 | 587,832 | 251,306
2,804,314,079 | 28,628,173 | 640,026 | 253,675
