Performance results for ./matrix/1.mtx | threads=1 | chunksize=1000
L1-dcache-loads | L1-dcache-load-misses | LLC-loads | LLC-load-misses
569,717,621 | 5,759,575 | 97,964 | 13,837
569,717,623 | 5,747,397 | 100,163 | 18,189
569,717,620 | 5,762,740 | 144,787 | 16,522
569,717,621 | 5,756,302 | 99,968 | 13,940
569,717,619 | 5,767,971 | 100,000 | 14,805
569,717,620 | 5,776,608 | 90,855 | 14,561
569,717,616 | 5,757,202 | 98,698 | 13,827
569,717,624 | 5,754,237 | 93,724 | 16,238
569,717,622 | 5,751,016 | 114,858 | 17,187
569,717,621 | 5,746,320 | 93,098 | 15,740
