Performance results for ./matrix/5.mtx | threads=1 | chunksize=100
L1-dcache-loads | L1-dcache-load-misses | LLC-loads | LLC-load-misses
121,218,939,373 | 434,767,644 | 33,649,531 | 22,946,894
121,218,943,842 | 444,642,636 | 33,917,391 | 24,989,127
121,218,937,709 | 439,385,971 | 33,277,563 | 19,073,836
121,218,937,075 | 436,009,899 | 32,373,488 | 19,698,271
121,218,943,489 | 436,537,069 | 33,496,275 | 28,005,585
121,218,942,578 | 425,086,130 | 34,406,310 | 22,862,796
121,218,946,397 | 425,085,225 | 34,814,001 | 24,228,985
121,218,937,912 | 423,976,376 | 34,742,786 | 22,267,743
121,218,938,979 | 431,140,415 | 33,076,246 | 21,411,448
121,219,097,743 | 425,026,391 | 34,017,632 | 21,311,133
