Performance results for ./matrix/3.mtx | threads=16 | chunksize=1000
L1-dcache-loads | L1-dcache-load-misses | LLC-loads | LLC-load-misses
49,272,416,351 | 984,651,502 | 475,336,582 | 36,580,588
49,272,661,349 | 986,004,709 | 475,685,057 | 37,982,625
49,272,670,900 | 979,775,073 | 476,031,852 | 37,264,322
49,272,653,052 | 987,739,917 | 475,519,323 | 38,806,181
49,272,502,116 | 974,462,244 | 477,625,858 | 39,631,027
49,272,653,305 | 975,920,676 | 476,673,697 | 37,001,817
49,272,648,433 | 976,583,249 | 476,287,858 | 37,466,072
49,272,701,636 | 984,999,831 | 475,526,838 | 36,171,169
49,272,659,270 | 979,302,474 | 475,895,308 | 40,242,549
49,272,403,313 | 976,198,804 | 476,685,955 | 38,509,556
