Performance results for ./matrix/1.mtx | threads=1 | chunksize=1
L1-dcache-loads | L1-dcache-load-misses | LLC-loads | LLC-load-misses
569,717,601 | 6,384,320 | 120,165 | 24,391
569,717,601 | 6,391,661 | 112,755 | 19,588
569,717,601 | 6,375,309 | 107,190 | 18,909
569,717,605 | 6,372,605 | 109,993 | 17,653
569,717,599 | 6,387,720 | 104,370 | 17,732
569,717,600 | 6,386,474 | 107,546 | 17,194
569,717,600 | 6,382,393 | 105,597 | 17,371
569,717,607 | 6,375,564 | 100,631 | 17,788
569,717,608 | 6,386,387 | 104,431 | 17,536
569,717,608 | 6,383,460 | 114,563 | 17,078
