Performance results for ./matrix/4.mtx | threads=8 | chunksize=100
L1-dcache-loads | L1-dcache-load-misses | LLC-loads | LLC-load-misses
68,848,638,588 | 346,614,321 | 2,701,548 | 839,992
68,849,212,650 | 344,979,611 | 2,750,964 | 833,953
68,847,985,488 | 346,999,715 | 2,720,433 | 845,129
68,847,045,420 | 347,532,739 | 2,718,072 | 828,791
68,848,002,508 | 346,571,132 | 2,747,617 | 833,811
68,847,003,144 | 347,344,326 | 2,721,870 | 840,942
68,847,039,795 | 345,911,536 | 2,743,552 | 831,055
68,849,223,411 | 346,771,472 | 2,682,204 | 846,481
68,849,199,367 | 344,982,463 | 2,763,921 | 832,129
68,849,218,528 | 346,105,072 | 2,778,458 | 829,399
