Performance results for ./matrix/2.mtx | threads=32 | chunksize=100
L1-dcache-loads | L1-dcache-load-misses | LLC-loads | LLC-load-misses
2,805,182,554 | 28,578,991 | 729,242 | 258,738
2,804,866,197 | 28,612,711 | 738,415 | 259,925
2,804,854,668 | 28,622,641 | 674,032 | 258,709
2,804,914,185 | 28,704,226 | 737,498 | 261,856
2,804,841,480 | 28,649,096 | 712,406 | 261,796
2,804,902,473 | 28,677,175 | 799,375 | 261,772
2,804,853,689 | 28,647,504 | 699,365 | 257,596
2,805,090,837 | 28,656,287 | 761,422 | 262,088
2,804,898,244 | 28,662,682 | 816,729 | 260,374
2,804,877,518 | 28,661,746 | 723,361 | 259,816
