Performance results for ./matrix/2.mtx | threads=4 | chunksize=1
L1-dcache-loads | L1-dcache-load-misses | LLC-loads | LLC-load-misses
2,804,254,175 | 28,607,726 | 548,771 | 250,525
2,804,254,572 | 28,662,466 | 532,846 | 249,122
2,804,253,554 | 28,598,729 | 555,957 | 248,361
2,804,265,398 | 28,689,476 | 540,712 | 250,496
2,804,272,865 | 28,622,844 | 512,303 | 248,828
2,804,268,521 | 28,606,776 | 494,437 | 244,427
2,804,275,318 | 28,586,856 | 517,977 | 247,264
2,804,263,048 | 28,581,514 | 573,344 | 248,971
2,804,271,277 | 28,664,381 | 553,754 | 248,951
2,804,282,683 | 28,589,628 | 553,284 | 247,568
