Performance results for ./matrix/5.mtx | threads=4 | chunksize=100
L1-dcache-loads | L1-dcache-load-misses | LLC-loads | LLC-load-misses
121,220,746,177 | 431,954,287 | 33,303,944 | 21,123,498
121,220,750,117 | 426,345,511 | 33,996,078 | 26,058,408
121,221,054,973 | 427,032,036 | 33,580,945 | 27,040,242
121,221,292,308 | 431,705,173 | 32,374,841 | 25,867,030
121,220,757,831 | 430,708,395 | 33,348,396 | 26,497,820
121,220,970,257 | 412,693,270 | 34,901,690 | 25,117,587
121,220,772,756 | 434,762,265 | 32,987,436 | 19,748,460
121,221,305,690 | 429,807,128 | 34,272,164 | 19,710,867
121,220,756,448 | 431,849,255 | 33,802,436 | 21,082,433
121,221,280,214 | 447,364,147 | 33,448,706 | 27,418,784
