Performance results for ./matrix/4.mtx | threads=64 | chunksize=1
L1-dcache-loads | L1-dcache-load-misses | LLC-loads | LLC-load-misses
68,885,950,697 | 346,646,998 | 2,896,419 | 906,980
68,879,157,471 | 346,817,676 | 2,864,226 | 945,527
68,888,940,429 | 345,466,937 | 2,836,992 | 923,192
68,885,568,192 | 345,340,188 | 2,837,157 | 928,698
68,878,431,358 | 345,808,418 | 2,796,887 | 912,210
68,874,128,828 | 345,773,343 | 2,871,172 | 943,188
68,899,220,962 | 346,628,232 | 2,930,267 | 936,107
68,877,792,439 | 345,801,889 | 2,938,013 | 934,349
68,876,970,327 | 346,762,815 | 2,984,449 | 932,426
68,874,820,132 | 345,513,187 | 2,967,501 | 918,453
