Performance results for ./matrix/4.mtx | threads=8 | chunksize=1
L1-dcache-loads | L1-dcache-load-misses | LLC-loads | LLC-load-misses
68,848,638,999 | 345,002,451 | 2,739,581 | 840,359
68,847,993,519 | 345,892,412 | 2,766,471 | 822,817
68,847,005,113 | 346,692,234 | 2,719,623 | 843,756
68,847,067,618 | 343,933,429 | 2,714,948 | 828,574
68,847,041,806 | 346,378,850 | 2,721,549 | 826,829
68,847,036,272 | 346,168,776 | 2,692,551 | 827,232
68,847,019,246 | 345,532,627 | 2,760,985 | 831,908
68,849,105,708 | 344,785,285 | 2,678,211 | 836,508
68,847,020,787 | 346,599,994 | 2,715,431 | 821,272
68,849,207,254 | 345,698,223 | 2,775,146 | 835,007
