Performance results for ./matrix/1.mtx | threads=2 | chunksize=1
L1-dcache-loads | L1-dcache-load-misses | LLC-loads | LLC-load-misses
569,730,922 | 5,764,630 | 112,659 | 19,941
569,730,635 | 5,769,212 | 111,432 | 23,833
569,732,171 | 5,737,156 | 123,700 | 22,132
569,734,427 | 5,749,037 | 116,289 | 20,659
569,740,945 | 5,756,868 | 120,581 | 24,002
569,745,393 | 5,754,526 | 131,790 | 24,374
569,730,957 | 5,765,527 | 131,264 | 24,136
569,731,369 | 5,743,703 | 133,508 | 19,079
569,736,078 | 5,763,487 | 108,530 | 17,686
569,741,040 | 5,757,970 | 104,276 | 18,716
