Performance results for ./matrix/3.mtx | threads=32 | chunksize=100
L1-dcache-loads | L1-dcache-load-misses | LLC-loads | LLC-load-misses
49,282,490,330 | 979,804,989 | 475,646,362 | 40,699,905
49,282,039,755 | 977,063,848 | 476,258,645 | 40,671,957
49,282,492,061 | 980,114,390 | 475,651,530 | 37,313,609
49,282,276,300 | 983,175,258 | 475,497,713 | 37,406,763
49,282,328,508 | 984,389,063 | 475,554,960 | 39,750,413
49,282,430,185 | 979,633,617 | 475,680,063 | 38,609,726
49,282,428,951 | 979,082,783 | 475,522,147 | 38,913,527
49,282,318,274 | 980,160,315 | 475,249,670 | 37,329,756
49,282,486,129 | 978,661,670 | 475,677,602 | 42,821,077
49,282,547,994 | 987,917,766 | 474,875,415 | 36,732,208
