Performance results for ./matrix/1.mtx | threads=8 | chunksize=100
L1-dcache-loads | L1-dcache-load-misses | LLC-loads | LLC-load-misses
569,816,837 | 5,772,048 | 157,276 | 25,729
569,794,867 | 5,758,159 | 168,611 | 26,044
569,784,791 | 5,762,655 | 183,398 | 25,074
569,811,173 | 5,755,152 | 173,182 | 26,451
569,782,365 | 5,752,849 | 171,590 | 24,318
569,811,682 | 5,767,860 | 243,338 | 24,581
569,790,721 | 5,753,661 | 157,039 | 24,595
569,801,061 | 5,751,215 | 168,404 | 26,689
569,886,444 | 6,399,028 | 188,961 | 40,516
569,873,274 | 6,376,865 | 160,680 | 31,738
