Performance results for ./matrix/5.mtx | threads=32 | chunksize=1000
L1-dcache-loads | L1-dcache-load-misses | LLC-loads | LLC-load-misses
121,245,785,173 | 435,124,449 | 36,853,618 | 25,244,699
121,237,885,011 | 430,102,932 | 34,393,522 | 24,497,052
121,237,985,671 | 431,835,639 | 36,010,396 | 25,532,503
121,241,018,807 | 445,212,970 | 33,212,464 | 26,099,848
121,246,590,603 | 437,650,147 | 35,145,465 | 24,884,840
121,237,988,584 | 411,954,631 | 36,370,058 | 25,060,947
121,242,076,528 | 433,523,474 | 35,442,126 | 24,826,555
121,243,352,542 | 427,845,550 | 35,953,138 | 26,010,037
121,237,922,887 | 436,501,662 | 35,049,746 | 24,579,270
121,241,516,852 | 432,248,189 | 34,071,780 | 24,274,240
