Performance results for ./matrix/2.mtx | threads=64 | chunksize=1000
L1-dcache-loads | L1-dcache-load-misses | LLC-loads | LLC-load-misses
2,823,978,350 | 28,597,598 | 724,794 | 262,093
2,835,671,872 | 28,663,579 | 714,883 | 256,455
2,808,431,659 | 28,588,601 | 812,734 | 262,413
2,835,736,422 | 28,642,817 | 675,559 | 260,573
2,831,919,926 | 28,694,544 | 717,329 | 260,082
2,834,047,824 | 28,647,213 | 713,914 | 258,357
2,836,138,769 | 28,702,443 | 694,349 | 261,496
2,808,520,037 | 28,702,796 | 671,978 | 257,387
2,833,744,689 | 28,685,743 | 880,570 | 262,698
2,808,611,216 | 28,655,765 | 715,311 | 262,766
