Performance results for ./matrix/4.mtx | threads=32 | chunksize=1000
L1-dcache-loads | L1-dcache-load-misses | LLC-loads | LLC-load-misses
68,852,714,560 | 345,616,173 | 2,733,208 | 892,244
68,851,869,808 | 347,113,209 | 2,691,541 | 875,174
68,854,727,577 | 344,929,668 | 2,707,963 | 870,498
68,853,407,943 | 345,888,543 | 2,673,915 | 875,265
68,854,428,145 | 347,540,582 | 2,722,961 | 871,609
68,851,483,534 | 346,753,489 | 2,739,815 | 878,901
68,851,703,814 | 345,636,622 | 2,687,966 | 857,141
68,850,993,503 | 347,371,378 | 2,695,894 | 878,828
68,851,817,774 | 346,473,621 | 2,747,902 | 867,438
68,851,055,316 | 348,517,431 | 2,691,133 | 855,817
