Performance results for ./matrix/4.mtx | threads=4 | chunksize=1000
L1-dcache-loads | L1-dcache-load-misses | LLC-loads | LLC-load-misses
68,846,383,825 | 345,765,225 | 2,898,285 | 819,007
68,846,366,562 | 344,869,524 | 2,834,561 | 835,933
68,846,380,949 | 344,332,425 | 2,873,804 | 835,571
68,846,379,565 | 346,856,852 | 2,879,973 | 831,729
68,846,381,814 | 347,081,655 | 2,838,698 | 830,351
68,847,315,548 | 345,484,379 | 2,896,373 | 826,694
68,846,377,932 | 348,966,925 | 2,816,162 | 831,302
68,847,314,879 | 346,253,338 | 2,798,698 | 826,212
68,846,378,577 | 345,727,714 | 2,799,730 | 834,360
68,846,393,296 | 345,979,660 | 2,834,093 | 837,609
