Performance results for ./matrix/5.mtx | threads=8 | chunksize=1000
L1-dcache-loads | L1-dcache-load-misses | LLC-loads | LLC-load-misses
121,224,680,761 | 435,617,275 | 35,440,936 | 27,775,531
121,224,929,108 | 430,383,284 | 35,017,578 | 25,172,434
121,223,171,803 | 430,552,336 | 33,114,114 | 23,503,163
121,223,167,495 | 435,635,326 | 33,618,189 | 22,803,813
121,225,291,084 | 433,979,225 | 35,419,947 | 27,408,481
121,223,192,780 | 432,116,588 | 34,172,514 | 22,580,319
121,224,805,031 | 437,608,321 | 33,639,484 | 22,681,461
121,224,810,659 | 438,362,361 | 33,234,132 | 26,347,078
121,223,235,811 | 427,917,145 | 34,995,433 | 28,432,248
121,224,696,517 | 437,380,475 | 34,013,670 | 22,528,911
