Performance results for ./matrix/4.mtx | threads=4 | chunksize=1
L1-dcache-loads | L1-dcache-load-misses | LLC-loads | LLC-load-misses
68,846,377,376 | 346,239,384 | 2,828,018 | 845,372
68,846,379,924 | 347,013,682 | 2,839,357 | 834,312
68,846,394,071 | 345,727,833 | 2,860,167 | 839,222
68,846,378,749 | 346,167,486 | 2,825,293 | 837,926
68,846,382,923 | 346,670,094 | 2,869,077 | 831,243
68,846,385,179 | 345,376,484 | 2,834,168 | 853,285
68,846,392,273 | 345,990,155 | 2,898,963 | 836,833
68,846,382,511 | 346,804,077 | 2,841,030 | 837,410
68,846,384,852 | 346,195,087 | 2,853,398 | 829,107
68,846,381,736 | 349,148,031 | 2,792,063 | 839,644
