Performance results for ./matrix/3.mtx | threads=16 | chunksize=1
L1-dcache-loads | L1-dcache-load-misses | LLC-loads | LLC-load-misses
49,272,427,098 | 976,833,640 | 476,584,172 | 36,306,175
49,272,431,648 | 974,145,836 | 476,832,562 | 38,015,954
49,272,663,834 | 976,686,902 | 476,371,713 | 36,357,444
49,272,433,066 | 976,794,030 | 476,104,778 | 38,688,439
49,272,657,903 | 989,714,526 | 475,560,103 | 35,787,252
49,272,566,527 | 975,850,652 | 476,241,541 | 37,286,310
49,272,443,615 | 974,050,982 | 477,675,855 | 37,803,323
49,272,670,288 | 985,052,829 | 475,542,018 | 39,650,504
49,272,658,470 | 975,756,208 | 476,573,954 | 36,806,728
49,272,458,791 | 978,704,425 | 475,872,865 | 36,841,707
