Performance results for ./matrix/4.mtx | threads=16 | chunksize=1000
L1-dcache-loads | L1-dcache-load-misses | LLC-loads | LLC-load-misses
68,849,535,548 | 346,120,358 | 2,639,929 | 853,641
68,849,479,229 | 346,133,989 | 2,656,180 | 851,038
68,852,432,457 | 346,871,831 | 2,666,727 | 840,829
68,852,528,687 | 345,808,550 | 2,650,113 | 848,089
68,848,235,269 | 345,343,445 | 2,640,503 | 851,227
68,848,265,212 | 345,942,424 | 2,611,119 | 859,339
68,848,256,030 | 346,875,338 | 2,594,067 | 849,094
68,852,892,493 | 345,155,001 | 2,649,622 | 852,590
68,850,832,565 | 345,496,888 | 2,642,324 | 853,139
68,850,988,582 | 344,586,948 | 2,641,661 | 855,860
