Performance results for ./matrix/3.mtx | threads=64 | chunksize=100
L1-dcache-loads | L1-dcache-load-misses | LLC-loads | LLC-load-misses
49,302,170,102 | 1,087,379,638 | 476,319,297 | 34,077,354
49,316,739,139 | 1,087,179,842 | 477,351,427 | 33,930,006
49,316,415,712 | 1,089,577,766 | 476,900,505 | 33,884,307
49,316,598,531 | 1,088,841,029 | 477,059,854 | 34,948,834
49,316,320,398 | 1,091,241,555 | 476,188,538 | 33,112,625
49,317,060,790 | 1,092,492,164 | 476,650,886 | 33,294,993
49,318,384,796 | 1,090,240,864 | 476,443,862 | 34,186,178
49,302,075,865 | 1,086,983,056 | 476,313,758 | 34,196,460
49,316,275,706 | 1,088,535,869 | 476,380,140 | 34,121,909
49,315,654,500 | 1,090,191,133 | 476,257,696 | 33,432,715
