Performance results for ./matrix/5.mtx | threads=64 | chunksize=100
L1-dcache-loads | L1-dcache-load-misses | LLC-loads | LLC-load-misses
121,273,772,823 | 427,733,073 | 34,043,970 | 24,552,202
121,270,950,909 | 438,647,366 | 36,007,548 | 25,051,419
121,274,775,207 | 427,351,189 | 37,250,619 | 26,223,815
121,272,066,154 | 432,082,718 | 33,911,777 | 23,742,967
121,273,611,414 | 437,852,276 | 33,665,757 | 24,237,884
121,271,494,026 | 432,982,692 | 38,190,575 | 29,135,200
121,274,643,808 | 428,645,170 | 34,271,155 | 24,010,427
121,274,842,415 | 441,991,213 | 38,280,463 | 30,213,436
121,272,916,196 | 431,670,227 | 35,470,236 | 24,937,541
121,274,658,753 | 436,327,563 | 35,980,923 | 25,865,818
