Performance results for ./matrix/1.mtx | threads=32 | chunksize=1000
L1-dcache-loads | L1-dcache-load-misses | LLC-loads | LLC-load-misses
570,649,784 | 6,388,783 | 296,424 | 47,581
570,635,620 | 6,408,476 | 293,628 | 49,011
570,688,177 | 6,390,317 | 289,341 | 45,936
570,618,541 | 6,384,149 | 295,067 | 47,100
570,635,166 | 6,407,775 | 313,617 | 49,313
570,629,422 | 6,380,020 | 286,276 | 48,058
570,687,530 | 6,390,352 | 352,071 | 50,540
570,651,960 | 6,400,910 | 305,604 | 49,210
570,768,799 | 6,391,110 | 276,955 | 47,104
570,713,414 | 6,420,337 | 291,173 | 46,590
