Performance results for ./matrix/5.mtx | threads=32 | chunksize=1
L1-dcache-loads | L1-dcache-load-misses | LLC-loads | LLC-load-misses
121,246,280,708 | 419,969,371 | 37,863,932 | 27,745,148
121,244,412,974 | 416,700,963 | 35,635,114 | 20,824,886
121,246,699,026 | 419,374,181 | 34,650,618 | 24,498,797
121,244,637,154 | 429,960,822 | 35,509,609 | 27,603,657
121,246,126,604 | 420,059,097 | 35,048,262 | 22,879,909
121,246,708,873 | 426,698,444 | 34,533,167 | 23,268,156
121,243,751,953 | 431,508,213 | 34,218,547 | 22,857,338
121,243,757,234 | 420,350,697 | 33,686,120 | 20,247,525
121,238,453,900 | 426,801,988 | 34,011,971 | 24,138,243
121,246,642,347 | 419,391,987 | 33,815,550 | 20,744,746
