Performance results for ./matrix/5.mtx | threads=2 | chunksize=1
L1-dcache-loads | L1-dcache-load-misses | LLC-loads | LLC-load-misses
121,219,841,871 | 429,961,679 | 33,743,497 | 23,140,726
121,219,887,393 | 429,136,779 | 35,557,161 | 26,490,880
121,219,541,015 | 430,446,833 | 33,548,174 | 21,234,995
121,219,318,839 | 434,511,111 | 34,023,984 | 24,552,832
121,219,841,595 | 442,764,955 | 33,097,800 | 22,823,842
121,219,543,895 | 432,352,763 | 33,769,571 | 20,336,137
121,219,254,358 | 435,295,004 | 33,423,894 | 20,305,959
121,219,563,175 | 423,333,046 | 34,274,060 | 21,221,909
121,219,849,991 | 431,824,873 | 32,935,128 | 26,484,788
121,219,594,923 | 428,132,799 | 34,218,458 | 25,561,022
