Performance results for ./matrix/1.mtx | threads=8 | chunksize=1
L1-dcache-loads | L1-dcache-load-misses | LLC-loads | LLC-load-misses
569,823,792 | 5,759,951 | 159,838 | 24,798
569,816,702 | 5,759,577 | 170,564 | 31,430
569,770,199 | 5,765,380 | 163,868 | 26,056
569,799,881 | 5,754,569 | 157,743 | 26,441
569,804,441 | 5,755,236 | 185,554 | 26,245
569,795,026 | 5,750,057 | 184,801 | 29,258
569,817,512 | 5,759,313 | 166,654 | 28,660
569,782,685 | 5,770,278 | 160,690 | 24,769
569,790,501 | 5,763,046 | 170,564 | 25,758
569,800,868 | 5,758,174 | 169,311 | 29,477
