Performance results for ./matrix/3.mtx | threads=2 | chunksize=100
L1-dcache-loads | L1-dcache-load-misses | LLC-loads | LLC-load-misses
49,263,922,346 | 976,460,237 | 476,431,320 | 38,954,175
49,263,922,353 | 975,367,790 | 476,842,989 | 38,114,385
49,263,923,570 | 985,143,694 | 475,316,602 | 38,992,019
49,263,922,761 | 979,351,373 | 476,157,618 | 38,048,772
49,263,922,470 | 983,061,407 | 475,238,867 | 41,015,131
49,264,150,165 | 978,055,546 | 476,160,937 | 40,778,625
49,264,048,385 | 978,990,949 | 476,194,771 | 38,205,972
49,263,922,482 | 977,158,709 | 476,839,588 | 38,366,854
49,264,004,505 | 981,796,448 | 475,875,358 | 37,150,033
49,263,928,800 | 984,482,128 | 475,356,631 | 37,331,580
