Performance results for ./matrix/3.mtx | threads=4 | chunksize=100
L1-dcache-loads | L1-dcache-load-misses | LLC-loads | LLC-load-misses
49,265,424,838 | 975,925,980 | 476,302,220 | 37,354,581
49,265,424,901 | 979,281,191 | 475,427,447 | 36,744,301
49,265,424,532 | 976,644,571 | 476,076,463 | 37,338,455
49,265,424,664 | 977,828,173 | 476,050,876 | 38,469,319
49,264,528,836 | 984,304,840 | 475,269,812 | 38,101,336
49,265,169,844 | 978,280,022 | 475,916,348 | 38,854,895
49,265,425,373 | 980,299,055 | 475,881,914 | 37,647,669
49,264,569,422 | 980,153,290 | 475,917,983 | 40,778,453
49,265,156,825 | 979,733,553 | 476,092,330 | 37,349,249
49,265,424,575 | 974,566,035 | 476,356,123 | 36,862,569
