Performance results for ./matrix/3.mtx | threads=8 | chunksize=100
L1-dcache-loads | L1-dcache-load-misses | LLC-loads | LLC-load-misses
49,267,791,340 | 974,421,740 | 476,836,065 | 38,091,249
49,267,831,455 | 974,758,600 | 476,913,577 | 43,150,889
49,267,833,558 | 977,188,727 | 476,292,004 | 40,263,138
49,267,830,805 | 979,346,179 | 475,622,512 | 37,352,539
49,267,832,198 | 985,769,694 | 475,060,547 | 38,603,834
49,267,682,523 | 983,099,193 | 475,230,157 | 36,088,116
49,267,830,325 | 974,375,946 | 477,028,669 | 37,742,133
49,267,647,824 | 985,210,386 | 475,030,440 | 38,185,120
49,267,848,740 | 989,070,575 | 474,763,138 | 37,079,912
49,267,830,711 | 973,090,404 | 477,196,931 | 36,773,445
