Performance results for ./matrix/2.mtx | threads=8 | chunksize=100
L1-dcache-loads | L1-dcache-load-misses | LLC-loads | LLC-load-misses
2,804,312,166 | 28,643,014 | 610,573 | 251,169
2,804,300,873 | 28,594,237 | 652,822 | 251,330
2,804,315,389 | 28,591,504 | 562,310 | 249,510
2,804,308,470 | 28,683,566 | 580,812 | 249,005
2,804,301,688 | 28,698,799 | 722,533 | 254,286
2,804,332,352 | 28,625,432 | 669,488 | 248,967
2,804,331,579 | 28,675,760 | 541,960 | 247,048
2,804,296,837 | 28,616,189 | 579,668 | 250,158
2,804,299,152 | 28,604,054 | 582,925 | 248,881
2,804,299,176 | 28,649,658 | 584,595 | 250,903
