Performance results for ./matrix/4.mtx | threads=2 | chunksize=1000
L1-dcache-loads | L1-dcache-load-misses | LLC-loads | LLC-load-misses
68,846,042,577 | 346,370,224 | 2,797,740 | 837,375
68,846,373,676 | 346,252,115 | 2,830,182 | 842,055
68,846,043,225 | 346,280,205 | 2,849,945 | 825,133
68,846,049,992 | 345,248,387 | 2,747,282 | 829,091
68,846,365,692 | 345,877,843 | 2,778,007 | 836,090
68,846,043,252 | 345,146,182 | 2,835,492 | 823,631
68,846,371,434 | 345,913,024 | 2,835,572 | 830,174
68,846,355,783 | 344,185,204 | 2,858,241 | 827,088
68,846,044,087 | 345,845,298 | 2,718,782 | 815,390
68,846,043,092 | 346,393,940 | 2,796,094 | 831,559
