Performance results for ./matrix/5.mtx | threads=8 | chunksize=1
L1-dcache-loads | L1-dcache-load-misses | LLC-loads | LLC-load-misses
121,223,207,390 | 435,600,785 | 33,579,962 | 24,312,444
121,223,245,098 | 434,914,539 | 35,610,594 | 27,803,314
121,223,295,290 | 412,909,598 | 37,721,312 | 27,921,107
121,223,874,974 | 431,530,570 | 35,283,837 | 22,001,769
121,223,172,058 | 431,289,179 | 34,468,836 | 28,549,174
121,223,191,301 | 431,281,982 | 34,386,040 | 21,068,857
121,225,337,585 | 436,477,682 | 35,754,727 | 27,587,441
121,223,330,853 | 436,419,969 | 36,265,090 | 25,759,200
121,223,223,333 | 410,821,109 | 35,282,662 | 28,903,815
121,223,722,082 | 433,880,704 | 35,642,024 | 27,778,562
