Performance results for ./matrix/4.mtx | threads=64 | chunksize=100
L1-dcache-loads | L1-dcache-load-misses | LLC-loads | LLC-load-misses
68,881,253,577 | 346,144,538 | 2,801,571 | 931,148
68,873,776,552 | 346,020,384 | 2,893,668 | 930,859
68,883,485,143 | 345,366,564 | 2,921,760 | 941,384
68,873,258,150 | 346,313,572 | 2,935,200 | 929,406
68,886,375,440 | 345,878,651 | 2,929,365 | 927,842
68,878,348,923 | 346,019,811 | 2,925,427 | 926,275
68,877,242,546 | 345,786,412 | 2,854,140 | 927,468
68,878,941,942 | 344,890,186 | 2,962,944 | 926,590
68,876,712,576 | 345,152,038 | 2,955,750 | 933,752
68,882,797,311 | 346,492,829 | 2,860,338 | 922,106
