Performance results for ./matrix/2.mtx | threads=4 | chunksize=100
L1-dcache-loads | L1-dcache-load-misses | LLC-loads | LLC-load-misses
2,804,253,428 | 28,660,687 | 512,758 | 250,286
2,804,253,792 | 28,672,139 | 517,592 | 250,122
2,804,253,766 | 28,581,228 | 600,105 | 251,919
2,804,276,546 | 28,820,214 | 540,017 | 248,630
2,804,254,197 | 28,671,023 | 595,777 | 249,374
2,804,253,089 | 28,574,050 | 532,838 | 250,402
2,804,252,761 | 28,642,503 | 559,504 | 249,732
2,804,262,875 | 28,573,641 | 533,056 | 249,493
2,804,273,485 | 28,621,260 | 601,160 | 252,880
2,804,289,023 | 28,639,213 | 539,802 | 246,950
