Performance results for ./matrix/1.mtx | threads=64 | chunksize=1
L1-dcache-loads | L1-dcache-load-misses | LLC-loads | LLC-load-misses
603,011,967 | 6,426,888 | 406,054 | 48,936
572,241,617 | 6,423,611 | 445,360 | 52,659
599,538,648 | 6,418,530 | 345,690 | 49,912
572,199,660 | 6,410,198 | 456,197 | 51,500
601,695,952 | 6,418,804 | 400,309 | 49,829
604,494,540 | 6,415,514 | 409,115 | 48,938
605,118,555 | 6,419,741 | 430,784 | 49,454
603,228,724 | 6,415,366 | 428,548 | 52,671
601,627,984 | 6,410,115 | 378,069 | 49,156
604,255,170 | 6,414,951 | 421,780 | 49,014
