Performance results for ./matrix/2.mtx | threads=16 | chunksize=1
L1-dcache-loads | L1-dcache-load-misses | LLC-loads | LLC-load-misses
2,805,641,561 | 36,308,534 | 738,854 | 196,612
2,805,655,881 | 36,342,699 | 826,501 | 201,017
2,805,596,025 | 36,321,662 | 684,240 | 197,059
2,805,598,567 | 36,351,828 | 747,064 | 201,618
2,805,611,742 | 36,343,566 | 725,355 | 202,154
2,805,590,503 | 36,259,531 | 783,466 | 196,808
2,805,566,145 | 36,330,216 | 742,748 | 196,541
2,805,604,049 | 36,239,049 | 706,048 | 202,609
2,805,610,003 | 36,305,455 | 767,137 | 202,334
2,805,592,774 | 36,345,218 | 789,296 | 196,029
