Performance results for ./matrix/4.mtx | threads=32 | chunksize=1
L1-dcache-loads | L1-dcache-load-misses | LLC-loads | LLC-load-misses
68,851,128,860 | 346,557,860 | 2,723,911 | 878,943
68,850,995,298 | 345,060,677 | 2,685,226 | 890,094
68,850,915,491 | 345,620,489 | 2,631,650 | 906,858
68,850,898,441 | 344,328,782 | 2,704,548 | 889,674
68,859,329,370 | 345,270,308 | 2,664,273 | 890,894
68,851,925,076 | 347,667,904 | 2,680,805 | 873,125
68,852,177,048 | 346,847,047 | 2,697,916 | 909,503
68,852,899,509 | 346,127,827 | 2,782,775 | 891,328
68,859,359,359 | 345,256,731 | 2,821,530 | 884,405
68,851,488,466 | 345,713,414 | 2,648,060 | 889,028
