Performance results for ./matrix/2.mtx | threads=16 | chunksize=100
L1-dcache-loads | L1-dcache-load-misses | LLC-loads | LLC-load-misses
2,805,623,964 | 36,351,256 | 1,041,843 | 193,871
2,805,673,016 | 36,316,384 | 925,286 | 198,844
2,804,441,733 | 28,663,497 | 572,622 | 254,121
2,804,497,383 | 28,661,084 | 594,264 | 255,850
2,804,447,244 | 28,652,023 | 586,807 | 253,374
2,804,417,274 | 28,610,687 | 638,897 | 252,847
2,804,496,275 | 28,629,206 | 589,577 | 246,719
2,804,536,179 | 28,624,620 | 637,783 | 253,083
2,804,509,681 | 28,697,929 | 635,572 | 252,668
2,804,449,214 | 28,681,278 | 570,465 | 254,604
