Performance results for ./matrix/5.mtx | threads=8 | chunksize=100
L1-dcache-loads | L1-dcache-load-misses | LLC-loads | LLC-load-misses
121,223,187,318 | 429,941,698 | 33,904,247 | 20,139,539
121,223,179,492 | 442,360,617 | 32,787,339 | 18,430,071
121,223,192,455 | 423,872,142 | 33,716,274 | 21,536,758
121,223,170,629 | 429,507,246 | 34,213,672 | 26,763,918
121,224,508,144 | 420,233,546 | 34,371,596 | 23,005,646
121,223,728,969 | 438,384,355 | 35,318,971 | 28,739,702
121,223,211,949 | 434,772,879 | 34,269,919 | 27,138,422
121,223,161,664 | 434,430,442 | 33,458,115 | 18,794,655
121,225,258,849 | 427,530,204 | 35,334,842 | 27,316,575
121,223,171,159 | 437,563,146 | 34,933,891 | 26,620,613
