Performance results for ./matrix/4.mtx | threads=1 | chunksize=1000
L1-dcache-loads | L1-dcache-load-misses | LLC-loads | LLC-load-misses
68,845,871,556 | 347,056,998 | 2,732,409 | 839,186
68,845,871,545 | 345,412,415 | 2,775,699 | 853,477
68,845,871,552 | 345,981,911 | 2,772,747 | 828,524
68,845,871,552 | 346,486,598 | 2,709,270 | 846,920
68,845,871,550 | 345,625,428 | 2,693,471 | 842,001
68,845,871,556 | 345,555,659 | 2,781,005 | 830,194
68,845,871,544 | 346,839,600 | 2,739,313 | 833,467
68,845,871,553 | 348,643,296 | 2,760,611 | 860,983
68,845,871,552 | 345,750,054 | 2,788,436 | 838,411
68,845,871,544 | 345,639,571 | 2,764,278 | 826,420
