Performance results for ./matrix/1.mtx | threads=4 | chunksize=100
L1-dcache-loads | L1-dcache-load-misses | LLC-loads | LLC-load-misses
569,756,014 | 5,744,138 | 129,475 | 25,422
569,763,759 | 5,756,445 | 126,283 | 25,260
569,736,846 | 5,760,180 | 158,284 | 27,035
569,752,364 | 5,761,680 | 121,696 | 25,182
569,746,414 | 5,765,850 | 127,088 | 23,126
569,762,548 | 5,767,050 | 128,597 | 23,278
569,754,898 | 5,753,309 | 129,481 | 27,353
569,754,404 | 5,749,921 | 130,529 | 28,053
569,753,105 | 5,756,844 | 133,882 | 31,659
569,752,931 | 5,759,906 | 172,447 | 29,195
