Performance results for ./matrix/5.mtx | threads=16 | chunksize=100
L1-dcache-loads | L1-dcache-load-misses | LLC-loads | LLC-load-misses
121,228,112,369 | 435,091,445 | 35,999,548 | 28,119,237
121,228,039,259 | 430,628,836 | 34,073,804 | 25,568,132
121,228,051,399 | 418,437,338 | 34,377,564 | 25,075,790
121,228,530,706 | 434,921,043 | 35,218,426 | 28,271,023
121,231,284,722 | 433,394,331 | 33,526,597 | 25,645,919
121,228,083,446 | 434,493,394 | 32,934,191 | 20,807,270
121,229,789,926 | 435,448,581 | 33,982,539 | 26,878,457
121,228,082,110 | 432,930,601 | 35,702,871 | 23,327,349
121,228,036,119 | 436,190,942 | 34,359,837 | 26,884,478
121,228,095,479 | 435,307,020 | 35,026,570 | 23,661,200
