Performance results for ./matrix/4.mtx | threads=2 | chunksize=1
L1-dcache-loads | L1-dcache-load-misses | LLC-loads | LLC-load-misses
68,846,369,017 | 346,077,068 | 2,815,047 | 833,852
68,846,355,777 | 346,689,108 | 2,837,789 | 815,583
68,846,370,287 | 346,806,669 | 2,829,670 | 873,149
68,846,049,672 | 347,269,174 | 2,855,071 | 820,900
68,846,042,782 | 346,699,423 | 2,789,270 | 827,862
68,846,047,671 | 345,498,986 | 2,863,643 | 821,597
68,846,044,262 | 346,301,136 | 2,816,148 | 834,606
68,846,042,214 | 346,276,407 | 2,821,226 | 825,574
68,846,365,391 | 345,715,344 | 2,758,351 | 836,538
68,846,356,822 | 346,798,944 | 2,834,306 | 828,498
