Performance results for ./matrix/1.mtx | threads=2 | chunksize=100
L1-dcache-loads | L1-dcache-load-misses | LLC-loads | LLC-load-misses
569,733,931 | 5,751,967 | 123,521 | 17,074
569,734,082 | 5,750,828 | 109,557 | 18,538
569,753,310 | 6,394,131 | 107,787 | 29,922
569,731,009 | 5,751,519 | 120,899 | 18,933
569,732,589 | 5,771,694 | 124,090 | 20,894
569,731,430 | 5,746,857 | 120,791 | 17,863
569,731,215 | 5,752,433 | 107,286 | 18,301
569,747,712 | 5,748,985 | 108,923 | 18,253
569,731,519 | 5,755,002 | 116,993 | 22,106
569,731,224 | 5,753,459 | 116,652 | 19,227
