Performance results for ./matrix/3.mtx | threads=4 | chunksize=1000
L1-dcache-loads | L1-dcache-load-misses | LLC-loads | LLC-load-misses
49,265,432,087 | 973,765,846 | 476,616,273 | 40,166,519
49,265,424,578 | 973,160,246 | 477,390,347 | 38,355,658
49,264,534,509 | 981,222,344 | 475,867,572 | 38,474,228
49,265,424,587 | 986,672,017 | 475,136,617 | 38,645,676
49,265,424,387 | 987,204,623 | 475,358,573 | 36,791,551
49,264,539,461 | 980,868,971 | 476,156,718 | 37,317,224
49,264,536,662 | 985,655,322 | 475,481,595 | 36,581,994
49,264,541,981 | 982,849,144 | 475,506,130 | 39,998,766
49,265,424,556 | 972,161,546 | 477,406,535 | 38,885,812
49,265,424,392 | 984,141,396 | 475,251,367 | 37,126,509
