Performance results for ./matrix/2.mtx | threads=2 | chunksize=1000
L1-dcache-loads | L1-dcache-load-misses | LLC-loads | LLC-load-misses
2,804,229,522 | 28,650,834 | 661,087 | 244,494
2,804,230,116 | 28,587,499 | 643,774 | 246,594
2,804,329,113 | 36,283,101 | 647,710 | 188,220
2,804,315,523 | 36,271,713 | 604,745 | 187,617
2,804,313,230 | 36,297,735 | 610,904 | 188,030
2,804,326,047 | 36,314,918 | 668,157 | 187,416
2,804,229,963 | 28,632,928 | 536,338 | 241,100
2,804,231,413 | 28,645,911 | 563,132 | 245,399
2,804,229,787 | 28,557,633 | 595,141 | 243,045
2,804,231,314 | 28,624,691 | 524,500 | 243,946
