Performance results for ./matrix/1.mtx | threads=64 | chunksize=100
L1-dcache-loads | L1-dcache-load-misses | LLC-loads | LLC-load-misses
572,305,879 | 6,431,689 | 417,647 | 49,207
572,269,378 | 6,405,163 | 407,859 | 48,662
602,559,986 | 6,426,285 | 393,019 | 47,532
572,358,378 | 6,402,923 | 446,099 | 49,319
572,179,533 | 6,400,480 | 438,536 | 49,886
598,767,521 | 6,408,326 | 410,221 | 51,140
572,344,076 | 6,440,031 | 426,368 | 49,457
572,335,955 | 6,409,091 | 415,008 | 49,709
601,560,385 | 6,394,152 | 395,307 | 50,653
572,218,547 | 6,425,926 | 419,276 | 50,129
