Performance results for ./matrix/5.mtx | threads=2 | chunksize=100
L1-dcache-loads | L1-dcache-load-misses | LLC-loads | LLC-load-misses
121,219,574,263 | 429,020,343 | 34,329,300 | 25,287,058
121,219,544,121 | 440,977,313 | 32,943,508 | 20,169,978
121,219,566,249 | 430,608,496 | 34,550,816 | 22,330,897
121,220,099,637 | 427,744,284 | 34,667,122 | 28,587,077
121,219,847,015 | 441,631,890 | 32,884,132 | 26,538,242
121,219,542,063 | 429,972,168 | 33,911,657 | 20,953,155
121,219,541,371 | 432,005,378 | 32,832,893 | 19,306,421
121,219,578,314 | 439,051,981 | 32,314,583 | 25,206,553
121,219,540,347 | 433,212,615 | 33,099,849 | 20,081,088
121,219,564,570 | 435,214,575 | 32,778,775 | 20,215,450
