Performance results for ./matrix/2.mtx | threads=1 | chunksize=100
L1-dcache-loads | L1-dcache-load-misses | LLC-loads | LLC-load-misses
2,804,214,690 | 28,648,028 | 536,255 | 229,615
2,804,214,691 | 28,659,112 | 526,977 | 235,043
2,804,214,689 | 28,593,093 | 527,400 | 234,618
2,804,214,697 | 28,610,086 | 533,686 | 232,378
2,804,214,690 | 28,651,478 | 507,577 | 232,128
2,804,214,690 | 28,622,488 | 492,046 | 232,046
2,804,214,698 | 28,612,194 | 500,163 | 233,231
2,804,214,694 | 28,624,112 | 518,220 | 232,570
2,804,214,690 | 36,259,450 | 650,825 | 176,604
2,804,214,696 | 36,392,330 | 564,544 | 179,188
