Performance results for ./matrix/1.mtx | threads=2 | chunksize=1000
L1-dcache-loads | L1-dcache-load-misses | LLC-loads | LLC-load-misses
569,757,133 | 6,400,930 | 105,890 | 29,281
569,735,309 | 5,769,239 | 121,254 | 16,684
569,726,839 | 5,760,235 | 138,487 | 21,665
569,731,473 | 5,752,020 | 122,272 | 18,543
569,743,326 | 6,398,245 | 124,724 | 27,746
569,740,888 | 6,384,207 | 102,393 | 24,686
569,737,210 | 5,762,203 | 113,798 | 22,421
569,741,556 | 5,750,886 | 124,576 | 19,222
569,730,838 | 5,764,616 | 116,520 | 19,482
569,730,633 | 5,759,719 | 117,397 | 18,735
