Performance results for ./matrix/4.mtx | threads=16 | chunksize=100
L1-dcache-loads | L1-dcache-load-misses | LLC-loads | LLC-load-misses
68,848,266,642 | 344,663,437 | 2,661,387 | 851,595
68,848,720,792 | 345,431,094 | 2,658,481 | 853,409
68,851,052,464 | 344,671,097 | 2,669,245 | 855,333
68,850,914,742 | 344,647,136 | 2,645,126 | 841,946
68,848,270,577 | 346,020,407 | 2,603,684 | 859,110
68,848,404,426 | 346,047,877 | 2,645,880 | 846,700
68,850,906,277 | 346,601,841 | 2,698,246 | 845,436
68,850,763,203 | 347,602,463 | 2,628,356 | 851,017
68,852,640,045 | 344,554,344 | 2,631,293 | 853,880
68,848,306,602 | 346,592,455 | 2,606,909 | 855,542
