Performance results for ./matrix/5.mtx | threads=64 | chunksize=1
L1-dcache-loads | L1-dcache-load-misses | LLC-loads | LLC-load-misses
121,273,538,717 | 427,499,126 | 34,794,060 | 24,263,366
121,274,225,831 | 429,393,225 | 34,138,203 | 23,864,781
121,273,884,597 | 429,745,510 | 35,445,037 | 24,965,075
121,275,054,044 | 429,079,490 | 36,955,636 | 27,727,359
121,272,579,075 | 439,568,367 | 34,364,836 | 25,008,654
121,273,929,597 | 437,135,426 | 35,006,052 | 23,920,866
121,275,000,314 | 440,522,661 | 35,477,762 | 26,218,460
121,274,859,953 | 436,891,126 | 34,350,437 | 23,491,506
121,273,806,179 | 424,578,525 | 35,042,629 | 23,694,856
121,274,533,700 | 440,836,819 | 34,501,093 | 23,027,731
