Performance results for ./matrix/1.mtx | threads=16 | chunksize=1000
L1-dcache-loads | L1-dcache-load-misses | LLC-loads | LLC-load-misses
570,062,130 | 6,402,583 | 209,867 | 37,259
570,090,896 | 6,374,909 | 242,618 | 41,657
570,043,011 | 6,372,205 | 213,094 | 36,098
570,052,790 | 6,402,385 | 245,797 | 38,071
570,059,917 | 6,380,582 | 217,382 | 36,644
570,069,636 | 6,389,187 | 213,417 | 41,661
570,060,449 | 6,383,978 | 215,490 | 38,499
570,037,578 | 6,393,837 | 216,693 | 36,905
570,100,706 | 6,380,971 | 231,112 | 41,389
570,111,525 | 6,378,046 | 223,395 | 43,234
