Performance results for ./matrix/3.mtx | threads=8 | chunksize=1000
L1-dcache-loads | L1-dcache-load-misses | LLC-loads | LLC-load-misses
49,267,830,255 | 982,866,410 | 475,317,685 | 40,503,220
49,267,713,225 | 974,808,324 | 476,516,000 | 38,685,209
49,267,557,219 | 975,423,176 | 476,208,867 | 37,878,501
49,267,830,297 | 978,788,937 | 475,640,481 | 38,238,127
49,267,830,276 | 987,129,607 | 474,984,382 | 36,177,544
49,267,602,327 | 975,006,969 | 476,576,102 | 39,437,261
49,267,830,404 | 979,864,547 | 475,711,726 | 36,972,218
49,267,811,986 | 983,375,764 | 475,322,684 | 39,151,356
49,267,830,304 | 980,978,655 | 475,990,402 | 36,049,874
49,267,760,223 | 983,578,244 | 475,247,155 | 39,700,930
