Performance results for ./matrix/3.mtx | threads=32 | chunksize=1
L1-dcache-loads | L1-dcache-load-misses | LLC-loads | LLC-load-misses
49,282,514,097 | 985,876,619 | 475,058,984 | 38,771,977
49,282,147,349 | 978,887,385 | 476,003,261 | 39,501,529
49,282,231,693 | 989,771,744 | 474,829,513 | 37,552,904
49,282,518,004 | 974,977,112 | 477,106,418 | 39,236,103
49,282,234,208 | 976,730,193 | 476,798,518 | 38,506,736
49,282,407,020 | 976,981,949 | 476,480,337 | 39,023,620
49,282,490,597 | 975,784,448 | 476,849,048 | 40,885,459
49,282,436,751 | 977,561,020 | 476,098,029 | 39,418,085
49,282,153,752 | 978,852,362 | 475,862,207 | 42,540,212
49,282,387,438 | 986,430,572 | 475,137,019 | 36,799,653
