Performance results for ./matrix/4.mtx | threads=2 | chunksize=100
L1-dcache-loads | L1-dcache-load-misses | LLC-loads | LLC-load-misses
68,846,040,956 | 345,959,307 | 2,812,520 | 829,577
68,846,372,237 | 345,289,821 | 2,781,122 | 808,685
68,846,043,530 | 345,314,938 | 2,885,659 | 826,213
68,846,042,664 | 345,482,729 | 2,817,004 | 830,363
68,846,043,523 | 344,969,621 | 2,777,759 | 837,490
68,846,043,757 | 346,857,201 | 2,795,371 | 840,407
68,846,044,722 | 345,511,067 | 2,840,261 | 822,251
68,846,042,016 | 345,092,732 | 2,781,941 | 833,609
68,846,043,935 | 344,509,445 | 2,771,412 | 828,637
68,846,362,134 | 346,551,198 | 2,821,076 | 835,979
