Performance results for ./matrix/1.mtx | threads=4 | chunksize=1000
L1-dcache-loads | L1-dcache-load-misses | LLC-loads | LLC-load-misses
569,767,461 | 5,760,448 | 125,513 | 23,415
569,754,196 | 5,763,578 | 139,572 | 23,858
569,757,493 | 5,762,205 | 124,370 | 23,933
569,755,873 | 5,761,108 | 141,927 | 23,166
569,768,179 | 5,764,270 | 126,203 | 23,061
569,763,749 | 5,746,905 | 149,841 | 23,273
569,760,277 | 5,765,057 | 141,840 | 24,849
569,760,853 | 5,754,172 | 127,680 | 22,980
569,747,517 | 5,756,188 | 137,159 | 25,228
569,755,184 | 5,750,840 | 147,275 | 24,103
