Performance results for ./matrix/5.mtx | threads=32 | chunksize=100
L1-dcache-loads | L1-dcache-load-misses | LLC-loads | LLC-load-misses
121,237,811,425 | 422,354,803 | 34,398,256 | 21,943,938
121,244,793,117 | 425,758,278 | 33,880,721 | 21,513,704
121,237,876,866 | 430,448,010 | 34,803,742 | 23,061,733
121,237,813,339 | 424,757,139 | 33,965,492 | 20,181,232
121,244,856,274 | 419,659,120 | 34,425,897 | 20,480,143
121,237,906,671 | 418,513,556 | 33,916,171 | 21,060,954
121,237,870,015 | 417,139,860 | 34,853,629 | 21,209,822
121,247,028,909 | 416,061,952 | 36,982,582 | 23,317,501
121,237,830,289 | 427,325,387 | 34,734,946 | 19,542,179
121,237,869,218 | 426,001,913 | 34,040,570 | 18,729,297
