Performance results for ./matrix/2.mtx | threads=1 | chunksize=1
L1-dcache-loads | L1-dcache-load-misses | LLC-loads | LLC-load-misses
2,804,214,706 | 36,258,308 | 612,810 | 177,568
2,804,214,703 | 36,358,333 | 614,252 | 178,311
2,804,214,697 | 36,257,895 | 650,045 | 177,918
2,804,214,696 | 36,323,389 | 600,253 | 177,500
2,804,214,698 | 36,263,045 | 620,489 | 178,140
2,804,214,699 | 36,265,464 | 600,708 | 177,209
2,804,214,704 | 36,250,197 | 615,780 | 177,742
2,804,214,697 | 36,399,367 | 952,382 | 175,071
2,804,214,705 | 36,371,327 | 630,831 | 177,052
2,804,214,698 | 28,620,813 | 475,583 | 230,832
