Performance results for ./matrix/5.mtx | threads=4 | chunksize=1000
L1-dcache-loads | L1-dcache-load-misses | LLC-loads | LLC-load-misses
121,221,107,770 | 431,205,562 | 33,324,148 | 27,162,240
121,221,038,095 | 429,302,995 | 34,164,710 | 27,589,724
121,220,749,584 | 439,884,212 | 33,853,354 | 24,834,798
121,220,749,067 | 443,472,631 | 33,599,720 | 24,147,250
121,221,040,696 | 436,505,098 | 34,192,837 | 22,653,405
121,221,272,725 | 443,043,039 | 34,193,051 | 24,742,274
121,220,752,162 | 436,882,731 | 33,454,305 | 26,708,669
121,221,564,496 | 437,321,655 | 33,390,335 | 27,928,615
121,220,743,429 | 436,988,706 | 32,955,829 | 17,873,656
121,220,745,804 | 441,403,358 | 33,490,387 | 19,614,295
