Performance results for ./matrix/1.mtx | threads=16 | chunksize=100
L1-dcache-loads | L1-dcache-load-misses | LLC-loads | LLC-load-misses
570,040,230 | 6,375,885 | 277,667 | 40,729
570,084,015 | 6,376,434 | 234,363 | 40,826
570,046,628 | 6,407,750 | 200,678 | 35,766
570,103,503 | 6,391,167 | 218,871 | 42,330
570,046,134 | 6,386,445 | 208,406 | 37,151
570,067,017 | 6,380,127 | 222,974 | 40,407
570,083,095 | 6,386,458 | 215,904 | 42,714
570,046,978 | 6,360,933 | 214,983 | 37,846
570,053,999 | 6,374,562 | 229,892 | 42,240
570,070,933 | 6,393,593 | 208,173 | 41,760
