Performance results for ./matrix/5.mtx | threads=4 | chunksize=1
L1-dcache-loads | L1-dcache-load-misses | LLC-loads | LLC-load-misses
121,220,750,356 | 439,229,523 | 32,986,532 | 21,447,516
121,220,749,340 | 430,933,609 | 33,553,652 | 26,661,385
121,220,744,595 | 438,697,134 | 32,643,457 | 18,159,462
121,220,781,143 | 425,702,903 | 34,733,822 | 26,937,017
121,220,746,134 | 438,071,078 | 33,434,355 | 20,113,004
121,221,074,494 | 427,683,093 | 34,416,660 | 24,040,467
121,221,563,504 | 427,940,114 | 33,723,291 | 22,252,572
121,221,599,204 | 434,608,188 | 32,203,104 | 20,186,023
121,220,753,174 | 436,347,213 | 33,238,618 | 24,896,566
121,221,128,498 | 430,533,713 | 33,263,232 | 21,900,862
