Performance results for ./matrix/3.mtx | threads=64 | chunksize=1000
L1-dcache-loads | L1-dcache-load-misses | LLC-loads | LLC-load-misses
49,306,543,050 | 1,089,275,579 | 476,130,044 | 33,265,559
49,302,563,786 | 1,088,805,905 | 476,522,117 | 34,226,624
49,301,701,036 | 1,089,164,039 | 476,772,666 | 34,741,929
49,317,335,563 | 1,087,649,489 | 476,767,652 | 33,743,818
49,316,989,562 | 1,088,729,769 | 476,403,460 | 33,525,615
49,316,266,186 | 1,091,838,721 | 476,288,729 | 33,829,242
49,315,728,640 | 1,088,153,475 | 476,641,782 | 34,247,700
49,302,720,359 | 1,088,740,716 | 476,340,554 | 33,109,794
49,316,191,084 | 1,089,731,512 | 477,060,177 | 34,518,485
49,317,980,837 | 1,089,835,888 | 476,871,085 | 34,693,379
