Performance results for ./matrix/2.mtx | threads=2 | chunksize=1
L1-dcache-loads | L1-dcache-load-misses | LLC-loads | LLC-load-misses
2,804,310,856 | 36,283,091 | 615,621 | 186,784
2,804,229,058 | 28,585,151 | 546,289 | 243,778
2,804,229,447 | 28,622,911 | 545,941 | 244,234
2,804,229,700 | 28,644,908 | 523,814 | 243,384
2,804,254,935 | 28,619,023 | 505,613 | 242,915
2,804,229,525 | 28,626,389 | 535,641 | 244,518
2,804,229,316 | 28,688,237 | 569,934 | 244,188
2,804,229,699 | 28,611,206 | 485,354 | 242,874
2,804,234,398 | 28,615,363 | 494,941 | 238,222
2,804,229,211 | 28,622,682 | 569,701 | 243,360
