Performance results for ./matrix/3.mtx | threads=2 | chunksize=1000
L1-dcache-loads | L1-dcache-load-misses | LLC-loads | LLC-load-misses
49,264,015,896 | 982,958,973 | 475,876,874 | 38,811,862
49,263,926,799 | 984,328,723 | 475,298,046 | 40,019,229
49,263,922,941 | 980,378,368 | 475,958,330 | 38,983,146
49,263,930,262 | 975,748,104 | 476,471,678 | 41,056,641
49,264,161,423 | 983,545,214 | 475,468,955 | 38,528,239
49,263,922,762 | 801,684,875 | 341,190,015 | 33,486,912
49,263,912,367 | 799,873,646 | 341,140,785 | 34,273,790
49,263,760,711 | 802,634,186 | 340,546,938 | 38,574,973
49,263,917,738 | 804,799,803 | 340,698,096 | 34,976,433
49,263,924,473 | 797,180,360 | 341,717,261 | 35,963,755
