Performance results for ./matrix/2.mtx | threads=32 | chunksize=1000
L1-dcache-loads | L1-dcache-load-misses | LLC-loads | LLC-load-misses
2,805,172,462 | 28,619,682 | 687,615 | 259,035
2,805,240,986 | 28,666,950 | 752,558 | 259,779
2,805,045,438 | 28,609,229 | 730,384 | 261,118
2,805,351,934 | 28,613,705 | 687,894 | 258,183
2,805,326,821 | 28,609,027 | 843,665 | 263,164
2,805,207,966 | 28,662,857 | 871,283 | 258,092
2,805,243,106 | 28,585,065 | 885,454 | 261,075
2,805,112,366 | 28,607,143 | 781,879 | 257,368
2,813,730,779 | 28,675,601 | 785,458 | 259,898
2,805,036,504 | 28,642,124 | 680,846 | 255,315
