Performance results for ./matrix/2.mtx | threads=4 | chunksize=1000
L1-dcache-loads | L1-dcache-load-misses | LLC-loads | LLC-load-misses
2,804,288,387 | 28,606,280 | 557,037 | 246,069
2,804,271,351 | 28,588,945 | 537,794 | 246,468
2,804,259,196 | 28,682,092 | 530,734 | 247,815
2,804,261,206 | 28,614,860 | 517,549 | 247,304
2,804,257,731 | 28,640,026 | 534,566 | 248,980
2,804,255,191 | 28,631,330 | 523,339 | 249,858
2,804,255,554 | 28,614,752 | 523,461 | 250,295
2,804,268,474 | 28,681,460 | 513,356 | 249,951
2,804,256,748 | 28,623,408 | 588,341 | 251,225
2,804,255,931 | 28,632,197 | 552,757 | 251,071
