Performance results for ./matrix/2.mtx | threads=2 | chunksize=100
L1-dcache-loads | L1-dcache-load-misses | LLC-loads | LLC-load-misses
2,804,229,169 | 28,646,227 | 588,937 | 245,149
2,804,229,066 | 28,582,610 | 592,498 | 244,244
2,804,229,173 | 28,615,002 | 564,928 | 243,883
2,804,234,289 | 28,642,329 | 501,264 | 239,120
2,804,250,777 | 28,652,913 | 525,343 | 243,546
2,804,229,034 | 28,573,609 | 569,105 | 244,222
2,804,233,518 | 28,596,742 | 605,595 | 242,075
2,804,229,592 | 28,587,164 | 496,855 | 242,519
2,804,233,671 | 28,616,583 | 514,809 | 241,673
2,804,229,183 | 28,599,337 | 621,207 | 245,414
