Performance results for ./matrix/1.mtx | threads=8 | chunksize=1000
L1-dcache-loads | L1-dcache-load-misses | LLC-loads | LLC-load-misses
569,855,617 | 6,367,230 | 187,822 | 30,665
569,869,256 | 6,393,200 | 174,508 | 34,542
569,847,326 | 6,383,054 | 197,206 | 30,923
569,859,171 | 6,373,263 | 160,321 | 31,068
569,844,001 | 6,385,494 | 160,363 | 32,453
569,858,751 | 6,387,102 | 232,126 | 29,229
569,872,679 | 6,386,684 | 175,181 | 34,032
569,887,144 | 6,384,790 | 170,316 | 34,418
569,859,734 | 6,372,943 | 191,629 | 30,627
569,885,563 | 6,391,421 | 214,044 | 32,998
