Performance results for ./matrix/2.mtx | threads=8 | chunksize=1000
L1-dcache-loads | L1-dcache-load-misses | LLC-loads | LLC-load-misses
2,804,410,355 | 28,798,206 | 708,572 | 112,891
2,804,506,245 | 28,689,046 | 667,327 | 156,757
2,805,897,034 | 36,327,000 | 999,038 | 147,971
2,804,404,847 | 28,742,364 | 745,196 | 219,309
2,806,357,151 | 36,136,450 | 756,071 | 213,576
2,804,364,524 | 28,771,244 | 648,892 | 159,537
2,806,202,502 | 36,191,928 | 882,899 | 199,472
2,804,412,146 | 28,645,952 | 551,188 | 261,906
2,804,403,238 | 28,878,458 | 632,596 | 161,177
2,805,201,220 | 36,132,311 | 749,517 | 201,441
