Performance results for ./matrix/3.mtx | threads=2 | chunksize=1
L1-dcache-loads | L1-dcache-load-misses | LLC-loads | LLC-load-misses
49,274,713,506 | 798,549,835 | 343,718,828 | 28,830,185
49,274,713,644 | 798,716,624 | 343,348,938 | 29,622,847
49,274,713,049 | 798,420,788 | 343,591,439 | 28,588,900
49,274,713,283 | 800,897,782 | 343,242,812 | 28,275,359
49,274,713,433 | 797,979,166 | 343,588,979 | 28,849,002
49,274,713,609 | 805,886,789 | 342,532,219 | 27,616,906
49,274,712,937 | 798,121,826 | 343,632,071 | 28,957,807
49,274,713,349 | 798,235,111 | 343,498,473 | 28,924,748
49,274,713,312 | 799,995,289 | 343,279,792 | 28,217,319
49,274,713,412 | 802,904,139 | 343,010,919 | 28,653,417
