Performance results for ./matrix/3.mtx | threads=1 | chunksize=100
L1-dcache-loads | L1-dcache-load-misses | LLC-loads | LLC-load-misses
49,261,649,678 | 1,031,632,895 | 479,365,899 | 52,765,272
49,261,649,314 | 1,028,294,370 | 480,387,829 | 52,404,172
49,261,648,892 | 793,545,116 | 343,855,703 | 45,279,417
49,261,648,698 | 795,737,601 | 343,658,018 | 38,344,820
49,261,648,618 | 794,604,012 | 343,190,487 | 43,084,733
49,261,648,605 | 793,393,154 | 342,635,534 | 28,570,079
49,261,648,589 | 797,183,614 | 342,183,196 | 27,301,595
49,261,648,595 | 796,128,310 | 342,096,072 | 27,472,278
49,261,648,590 | 797,268,210 | 341,995,597 | 27,888,324
49,261,648,589 | 803,058,012 | 341,511,777 | 26,974,681
