Performance results for ./matrix/3.mtx | threads=64 | chunksize=1000
L1-dcache-loads | L1-dcache-load-misses | LLC-loads | LLC-load-misses
49,293,469,017 | 794,124,990 | 339,456,474 | 25,173,582
49,293,975,295 | 795,179,172 | 339,506,928 | 26,001,568
49,292,425,425 | 795,739,412 | 339,250,480 | 24,673,685
49,293,873,712 | 802,644,417 | 338,433,974 | 24,315,525
49,292,884,475 | 796,781,234 | 339,262,326 | 25,069,010
49,293,808,840 | 797,798,084 | 339,091,001 | 25,187,801
49,292,395,643 | 797,461,193 | 339,085,086 | 25,957,728
49,292,636,148 | 796,671,896 | 339,195,542 | 24,928,324
49,293,895,588 | 795,384,590 | 339,457,227 | 25,433,132
49,292,676,179 | 796,552,663 | 339,199,724 | 25,883,797
