Performance results for ./matrix/2.mtx | threads=1 | chunksize=1
L1-dcache-loads | L1-dcache-load-misses | LLC-loads | LLC-load-misses
2,804,365,883 | 28,778,293 | 680,959 | 171,788
2,804,365,904 | 28,699,210 | 438,783 | 253,318
2,804,365,906 | 28,661,149 | 419,951 | 238,241
2,804,365,898 | 28,658,029 | 441,093 | 242,173
2,804,365,904 | 28,692,978 | 538,400 | 250,219
2,804,365,898 | 28,609,068 | 530,628 | 258,930
2,804,365,908 | 28,601,108 | 438,280 | 242,147
2,804,366,283 | 28,644,756 | 563,058 | 284,591
2,804,365,920 | 28,783,210 | 530,255 | 195,804
2,804,365,909 | 28,676,042 | 582,468 | 124,369
