Performance results for ./matrix/3.mtx | threads=8 | chunksize=1
L1-dcache-loads | L1-dcache-load-misses | LLC-loads | LLC-load-misses
49,278,322,498 | 805,257,796 | 346,047,632 | 32,017,978
49,278,166,421 | 808,834,825 | 345,588,530 | 31,292,187
49,278,326,834 | 803,536,701 | 346,267,482 | 32,109,167
49,277,839,893 | 803,898,143 | 346,383,087 | 33,562,539
49,277,972,298 | 803,403,274 | 346,120,538 | 32,320,700
49,278,283,501 | 804,785,858 | 346,223,767 | 30,589,545
49,277,933,478 | 803,644,450 | 346,490,747 | 32,030,416
49,278,325,976 | 803,547,134 | 346,303,312 | 31,466,450
49,278,139,861 | 803,266,617 | 346,332,571 | 33,432,789
49,277,866,279 | 808,081,249 | 345,805,243 | 32,195,838
