Performance results for ./matrix/5.mtx | threads=16 | chunksize=1
L1-dcache-loads | L1-dcache-load-misses | LLC-loads | LLC-load-misses
121,866,896,347 | 955,256,426 | 200,234,739 | 73,825,539
121,871,216,954 | 957,650,393 | 198,114,319 | 83,895,113
121,871,151,480 | 962,689,854 | 186,974,535 | 74,125,648
121,871,210,922 | 963,165,934 | 197,380,646 | 80,324,446
121,871,205,164 | 957,890,968 | 189,488,800 | 76,036,004
121,871,273,326 | 965,603,599 | 189,742,146 | 75,382,838
121,871,099,590 | 993,247,858 | 208,144,748 | 49,316,716
121,874,448,918 | 951,271,019 | 178,205,482 | 39,851,951
121,872,690,210 | 955,653,465 | 184,624,896 | 42,506,749
121,866,650,854 | 969,548,464 | 197,185,009 | 62,708,387
