Performance results for ./matrix/5.mtx | threads=4 | chunksize=1
L1-dcache-loads | L1-dcache-load-misses | LLC-loads | LLC-load-misses
121,864,653,386 | 572,247,911 | 49,963,154 | 37,651,377
121,864,421,708 | 592,729,550 | 50,196,246 | 37,312,283
121,863,656,837 | 599,841,620 | 55,083,974 | 29,561,120
121,864,633,056 | 574,050,757 | 47,244,915 | 33,126,690
121,863,789,236 | 580,056,286 | 55,390,342 | 36,097,105
121,864,035,858 | 599,617,474 | 61,623,594 | 36,823,938
121,864,539,609 | 592,063,630 | 49,927,299 | 38,167,640
121,863,622,638 | 585,583,989 | 48,441,053 | 25,309,103
121,864,311,622 | 599,171,735 | 47,746,879 | 31,898,779
121,863,917,119 | 586,717,938 | 47,934,911 | 33,891,458
