Performance results for ./matrix/4.mtx | threads=16 | chunksize=1000
L1-dcache-loads | L1-dcache-load-misses | LLC-loads | LLC-load-misses
68,844,210,117 | 344,712,038 | 3,465,914 | 1,477,488
68,844,789,991 | 349,265,472 | 3,248,550 | 1,288,122
68,846,420,778 | 346,921,441 | 4,181,987 | 2,049,803
68,845,485,896 | 351,911,121 | 3,304,361 | 1,385,025
68,844,342,195 | 346,627,976 | 3,367,122 | 1,375,171
68,846,262,329 | 342,046,660 | 7,187,403 | 4,568,993
68,846,179,701 | 352,592,997 | 5,220,274 | 3,069,608
68,846,074,514 | 354,026,379 | 5,142,081 | 3,012,219
68,845,769,130 | 354,879,939 | 5,037,586 | 2,920,640
68,846,186,868 | 351,088,240 | 5,141,862 | 2,939,932
