Performance results for ./matrix/1.mtx | threads=16 | chunksize=1000
L1-dcache-loads | L1-dcache-load-misses | LLC-loads | LLC-load-misses
569,947,567 | 5,773,726 | 208,943 | 56,983
569,977,640 | 5,763,685 | 201,690 | 79,810
569,928,413 | 5,760,226 | 207,294 | 81,257
569,929,975 | 5,784,468 | 225,511 | 70,268
569,968,517 | 5,785,372 | 203,978 | 74,755
570,116,496 | 5,767,357 | 183,550 | 72,609
570,181,137 | 5,787,465 | 234,144 | 79,436
570,280,521 | 5,762,576 | 182,287 | 75,282
570,083,955 | 5,780,034 | 244,010 | 92,702
569,945,831 | 5,756,085 | 218,654 | 47,028
