Performance results for ./matrix/2.mtx | threads=2 | chunksize=100
L1-dcache-loads | L1-dcache-load-misses | LLC-loads | LLC-load-misses
2,804,512,014 | 36,270,424 | 621,741 | 185,175
2,804,360,662 | 28,843,521 | 590,771 | 212,626
2,804,623,278 | 35,643,943 | 658,015 | 212,858
2,804,691,898 | 36,283,197 | 625,038 | 202,090
2,804,438,921 | 28,767,879 | 570,778 | 276,976
2,804,482,192 | 28,655,802 | 531,909 | 261,314
2,804,225,257 | 28,705,394 | 584,740 | 272,237
2,804,406,839 | 28,665,469 | 505,244 | 269,333
2,804,324,692 | 28,645,172 | 480,987 | 257,316
2,804,790,083 | 36,172,487 | 780,111 | 222,687
