Performance results for ./matrix/1.mtx | threads=16 | chunksize=100
L1-dcache-loads | L1-dcache-load-misses | LLC-loads | LLC-load-misses
569,953,612 | 5,761,890 | 241,901 | 72,101
569,902,481 | 5,782,060 | 269,158 | 80,103
569,956,972 | 5,755,890 | 207,029 | 64,922
569,998,250 | 5,769,452 | 211,930 | 79,212
569,988,282 | 5,771,971 | 274,924 | 84,150
569,927,215 | 5,768,110 | 244,169 | 49,821
570,008,781 | 5,767,692 | 215,466 | 54,779
570,059,114 | 5,753,723 | 278,048 | 77,924
569,935,217 | 5,782,457 | 252,214 | 73,823
569,931,430 | 5,795,198 | 223,899 | 63,240
