Performance results for ./matrix/3.mtx | threads=2 | chunksize=100
L1-dcache-loads | L1-dcache-load-misses | LLC-loads | LLC-load-misses
49,262,256,147 | 795,137,377 | 341,706,745 | 27,387,510
49,262,255,923 | 794,669,566 | 341,565,127 | 27,438,769
49,262,256,534 | 795,045,602 | 341,802,096 | 28,267,594
49,262,256,159 | 794,343,325 | 341,670,435 | 27,600,614
49,262,256,227 | 795,663,290 | 341,550,031 | 27,122,584
49,262,256,052 | 796,177,448 | 341,508,679 | 29,583,616
49,262,255,679 | 794,991,579 | 341,613,928 | 27,245,627
49,262,256,281 | 795,612,031 | 341,506,150 | 26,987,844
49,262,256,607 | 798,116,696 | 341,504,977 | 27,101,673
49,262,256,384 | 795,798,772 | 341,475,139 | 27,124,713
