Performance results for ./matrix/1.mtx | threads=64 | chunksize=1000
L1-dcache-loads | L1-dcache-load-misses | LLC-loads | LLC-load-misses
571,884,881 | 5,797,337 | 295,819 | 71,540
572,203,153 | 5,787,633 | 256,276 | 82,946
571,878,628 | 5,781,546 | 282,616 | 81,201
571,833,562 | 5,784,187 | 346,544 | 72,348
572,055,123 | 5,795,341 | 286,825 | 72,507
571,651,463 | 5,787,873 | 277,285 | 62,353
571,887,723 | 5,804,459 | 275,851 | 81,837
571,837,044 | 5,788,724 | 290,222 | 81,298
572,296,183 | 5,777,706 | 282,718 | 82,362
573,784,720 | 5,791,571 | 262,283 | 68,015
