Performance results for ./matrix/3.mtx | threads=4 | chunksize=1000
L1-dcache-loads | L1-dcache-load-misses | LLC-loads | LLC-load-misses
49,263,048,834 | 793,721,761 | 341,339,517 | 28,125,482
49,263,270,379 | 801,480,111 | 340,382,297 | 26,940,410
49,263,273,083 | 798,556,995 | 340,881,282 | 26,733,358
49,263,075,645 | 802,934,482 | 340,148,936 | 27,007,491
49,263,339,383 | 800,505,271 | 340,598,875 | 27,213,337
49,263,346,112 | 796,314,944 | 340,987,332 | 26,501,301
49,263,059,791 | 794,979,878 | 341,206,048 | 30,168,233
49,263,295,535 | 800,570,172 | 340,639,878 | 27,163,551
49,263,112,566 | 801,016,143 | 340,440,337 | 27,302,891
49,263,126,452 | 797,913,915 | 340,901,990 | 26,565,191
