Performance results for ./matrix/1.mtx | threads=8 | chunksize=1
L1-dcache-loads | L1-dcache-load-misses | LLC-loads | LLC-load-misses
570,103,729 | 5,982,876 | 301,228 | 124,589
570,098,601 | 5,964,857 | 308,083 | 156,674
570,094,928 | 5,964,576 | 298,731 | 101,686
570,120,825 | 5,969,823 | 285,936 | 129,428
570,101,546 | 5,963,690 | 329,825 | 169,482
570,078,961 | 5,964,558 | 293,526 | 104,738
570,129,821 | 5,954,782 | 318,061 | 145,565
570,087,570 | 5,956,387 | 307,196 | 130,157
570,142,703 | 5,944,050 | 314,022 | 152,302
570,158,926 | 5,961,342 | 304,754 | 169,863
