Performance results for ./matrix/3.mtx | threads=4 | chunksize=100
L1-dcache-loads | L1-dcache-load-misses | LLC-loads | LLC-load-misses
49,263,459,680 | 795,446,713 | 341,161,638 | 27,753,603
49,263,261,983 | 794,564,949 | 341,316,314 | 29,354,154
49,263,459,527 | 795,548,031 | 341,300,386 | 28,321,016
49,263,213,454 | 798,664,355 | 340,905,359 | 28,366,698
49,263,461,037 | 796,197,611 | 341,117,657 | 27,810,449
49,263,264,193 | 795,016,845 | 341,397,614 | 28,058,355
49,263,459,865 | 794,387,382 | 341,356,626 | 27,988,030
49,263,460,284 | 795,292,360 | 341,230,765 | 27,446,906
49,263,461,515 | 798,587,756 | 340,888,405 | 26,496,782
49,263,459,436 | 795,362,045 | 341,472,689 | 27,439,908
