Performance results for ./matrix/1.mtx | threads=2 | chunksize=1
L1-dcache-loads | L1-dcache-load-misses | LLC-loads | LLC-load-misses
569,953,010 | 5,899,990 | 131,763 | 41,712
569,949,532 | 5,893,469 | 146,212 | 49,782
569,971,208 | 5,904,498 | 140,327 | 69,491
569,960,868 | 5,901,611 | 145,289 | 53,013
569,893,820 | 5,901,427 | 162,271 | 94,550
569,962,233 | 5,898,790 | 163,703 | 71,234
569,949,950 | 5,881,777 | 192,918 | 102,191
569,970,454 | 5,892,778 | 129,013 | 41,258
569,939,894 | 5,889,092 | 285,306 | 219,131
569,945,855 | 5,911,311 | 162,874 | 80,361
