Performance results for ./matrix/1.mtx | threads=1 | chunksize=1
L1-dcache-loads | L1-dcache-load-misses | LLC-loads | LLC-load-misses
569,868,816 | 5,796,521 | 108,426 | 52,762
569,868,821 | 5,773,676 | 106,891 | 50,030
569,868,845 | 5,762,214 | 95,607 | 24,244
569,868,838 | 5,755,335 | 118,482 | 32,688
569,868,849 | 5,759,295 | 131,831 | 12,256
569,868,821 | 5,757,868 | 94,324 | 38,629
569,868,821 | 5,769,584 | 95,039 | 49,070
569,868,822 | 5,754,287 | 111,735 | 42,275
569,868,846 | 5,765,564 | 95,726 | 31,607
569,868,822 | 5,764,853 | 104,825 | 57,152
