Performance results for ./matrix/3.mtx | threads=32 | chunksize=1000
L1-dcache-loads | L1-dcache-load-misses | LLC-loads | LLC-load-misses
49,276,868,845 | 794,624,890 | 339,946,694 | 27,479,125
49,276,562,541 | 795,197,773 | 339,845,469 | 25,916,050
49,276,821,388 | 796,573,416 | 339,627,244 | 25,498,037
49,276,863,835 | 795,163,106 | 339,861,556 | 25,379,142
49,277,457,331 | 795,722,873 | 339,883,369 | 26,262,903
49,276,524,489 | 794,698,562 | 340,037,454 | 26,578,039
49,275,654,077 | 796,601,320 | 339,471,195 | 25,003,809
49,276,375,267 | 799,292,515 | 339,247,356 | 24,894,009
49,277,823,545 | 795,924,625 | 339,788,136 | 25,353,209
49,276,956,697 | 795,031,362 | 340,086,236 | 26,162,835
