Performance results for ./matrix/1.mtx | threads=2 | chunksize=100
L1-dcache-loads | L1-dcache-load-misses | LLC-loads | LLC-load-misses
569,754,199 | 5,763,084 | 134,020 | 39,524
569,757,302 | 5,782,383 | 171,131 | 26,665
569,762,037 | 5,762,699 | 128,415 | 32,659
569,767,062 | 5,766,133 | 134,364 | 58,034
569,763,994 | 5,767,222 | 113,300 | 36,413
569,737,000 | 5,761,649 | 126,464 | 68,732
569,764,058 | 5,779,077 | 126,591 | 72,162
569,763,307 | 5,755,949 | 154,672 | 71,876
569,765,160 | 5,751,222 | 122,644 | 68,037
569,708,059 | 5,761,451 | 108,836 | 38,465
