Performance results for ./matrix/3.mtx | threads=4 | chunksize=1
L1-dcache-loads | L1-dcache-load-misses | LLC-loads | LLC-load-misses
49,275,664,000 | 806,229,865 | 344,659,552 | 30,300,692
49,275,838,858 | 802,395,267 | 344,913,263 | 30,790,288
49,275,916,685 | 802,444,057 | 345,242,725 | 30,908,281
49,275,849,998 | 801,049,586 | 345,225,834 | 31,218,262
49,275,762,996 | 802,563,548 | 344,966,552 | 30,753,150
49,275,833,886 | 801,199,084 | 345,375,833 | 30,892,456
49,275,916,701 | 806,290,322 | 344,554,016 | 29,939,086
49,275,916,734 | 801,395,499 | 345,476,963 | 30,356,302
49,275,903,109 | 802,164,245 | 345,311,067 | 30,897,200
49,275,893,704 | 803,823,042 | 344,991,688 | 29,435,152
