Performance results for ./matrix/5.mtx | threads=1 | chunksize=100
L1-dcache-loads | L1-dcache-load-misses | LLC-loads | LLC-load-misses
121,098,127,219 | 436,641,756 | 36,968,856 | 28,460,239
121,098,244,317 | 419,436,636 | 37,210,183 | 30,692,828
121,098,119,392 | 437,791,238 | 36,652,075 | 27,319,322
121,098,138,200 | 444,415,505 | 37,320,009 | 30,208,422
121,098,147,550 | 426,923,078 | 36,795,009 | 28,866,229
121,098,137,921 | 439,454,736 | 37,008,755 | 28,086,250
121,098,117,319 | 431,455,527 | 36,852,331 | 30,003,606
121,098,114,080 | 440,993,916 | 37,055,217 | 28,959,243
121,098,167,933 | 443,565,808 | 38,532,735 | 31,743,513
121,098,097,328 | 436,310,156 | 36,326,199 | 26,577,961
