Performance results for ./matrix/5.mtx | threads=8 | chunksize=1
L1-dcache-loads | L1-dcache-load-misses | LLC-loads | LLC-load-misses
121,866,857,676 | 791,202,205 | 77,593,275 | 40,437,569
121,867,909,100 | 797,931,362 | 93,272,303 | 46,158,587
121,866,042,406 | 801,966,097 | 86,854,310 | 33,476,766
121,866,546,853 | 784,218,574 | 79,435,866 | 40,398,664
121,865,786,851 | 823,473,726 | 105,193,157 | 49,887,449
121,866,022,073 | 794,081,259 | 80,280,185 | 30,114,587
121,867,087,090 | 795,193,013 | 81,328,387 | 36,647,903
121,866,034,129 | 794,135,755 | 80,282,168 | 30,446,130
121,868,052,688 | 786,086,786 | 77,753,992 | 40,110,922
121,868,040,366 | 788,193,501 | 76,779,082 | 35,748,216
