Performance results for ./matrix/5.mtx | threads=4 | chunksize=1000
L1-dcache-loads | L1-dcache-load-misses | LLC-loads | LLC-load-misses
121,093,519,319 | 434,681,597 | 37,405,194 | 29,999,086
121,093,007,888 | 427,496,087 | 38,916,996 | 28,277,426
121,093,022,799 | 436,105,443 | 38,605,224 | 30,006,644
121,093,478,591 | 457,112,133 | 36,359,754 | 23,119,843
121,092,950,867 | 443,000,142 | 27,638,380 | 19,843,354
121,093,892,871 | 435,127,907 | 38,704,941 | 31,511,328
121,093,520,038 | 422,211,990 | 36,629,318 | 27,035,885
121,093,053,368 | 414,835,657 | 39,331,698 | 29,221,919
121,093,498,202 | 445,361,973 | 27,368,349 | 21,718,817
121,092,941,462 | 448,222,365 | 26,742,568 | 16,700,468
