Performance results for ./matrix/3.mtx | threads=16 | chunksize=1000
L1-dcache-loads | L1-dcache-load-misses | LLC-loads | LLC-load-misses
49,269,432,010 | 794,409,438 | 340,887,870 | 26,368,152
49,269,204,166 | 794,034,806 | 341,308,485 | 29,126,585
49,269,171,833 | 800,274,321 | 340,181,918 | 26,102,941
49,269,089,374 | 794,478,831 | 340,787,324 | 27,715,369
49,269,107,675 | 794,628,098 | 340,724,758 | 26,446,746
49,269,310,564 | 795,199,981 | 340,652,305 | 27,975,269
49,268,939,852 | 796,072,359 | 340,528,823 | 26,955,711
49,269,154,246 | 795,063,234 | 340,844,295 | 29,488,213
49,269,392,121 | 794,852,783 | 340,838,450 | 27,666,913
49,269,075,356 | 793,716,954 | 341,420,460 | 26,798,117
