Performance results for ./matrix/1.mtx | threads=1 | chunksize=100
L1-dcache-loads | L1-dcache-load-misses | LLC-loads | LLC-load-misses
569,690,651 | 5,753,601 | 101,193 | 47,374
569,690,619 | 5,786,842 | 115,564 | 29,073
569,690,645 | 5,752,021 | 99,474 | 40,330
569,690,658 | 5,753,271 | 87,747 | 11,422
569,690,619 | 5,767,622 | 118,845 | 58,166
569,690,619 | 5,764,077 | 94,816 | 32,036
569,690,631 | 5,767,263 | 103,672 | 28,727
569,690,648 | 5,765,160 | 100,601 | 36,020
569,690,655 | 5,754,041 | 159,206 | 28,909
569,690,620 | 5,755,612 | 112,580 | 11,297
