Performance results for ./matrix/1.mtx | threads=8 | chunksize=100
L1-dcache-loads | L1-dcache-load-misses | LLC-loads | LLC-load-misses
569,816,994 | 5,776,630 | 172,846 | 41,581
569,819,811 | 5,784,401 | 173,711 | 62,882
569,815,185 | 5,766,997 | 214,043 | 79,120
569,820,267 | 5,764,241 | 207,101 | 78,550
569,830,817 | 5,767,879 | 172,339 | 61,619
569,824,356 | 5,760,100 | 196,428 | 67,308
569,842,193 | 5,774,612 | 167,686 | 77,582
569,827,749 | 5,782,492 | 181,776 | 72,628
569,838,447 | 5,781,061 | 179,448 | 74,470
569,815,971 | 5,760,056 | 191,588 | 78,628
