Performance results for ./matrix/2.mtx | threads=64 | chunksize=1000
L1-dcache-loads | L1-dcache-load-misses | LLC-loads | LLC-load-misses
2,813,027,961 | 36,129,593 | 988,271 | 212,836
2,811,853,563 | 36,266,083 | 949,587 | 208,651
2,808,721,135 | 28,961,623 | 730,802 | 165,042
2,807,860,128 | 28,838,372 | 740,568 | 232,968
2,808,446,435 | 28,868,183 | 785,332 | 200,895
2,814,961,892 | 35,755,999 | 862,213 | 217,459
2,822,870,624 | 36,350,243 | 959,160 | 205,892
2,807,023,427 | 28,955,893 | 715,974 | 148,185
2,820,519,488 | 36,325,201 | 900,013 | 155,296
2,808,467,178 | 28,875,846 | 730,880 | 134,640
