Performance results for ./matrix/2.mtx | threads=64 | chunksize=1
L1-dcache-loads | L1-dcache-load-misses | LLC-loads | LLC-load-misses
2,808,137,337 | 28,963,747 | 1,117,998 | 342,228
2,823,428,200 | 36,620,400 | 1,257,219 | 359,792
2,807,866,830 | 29,074,677 | 1,055,698 | 296,543
2,807,295,627 | 29,042,172 | 1,144,623 | 309,099
2,807,110,817 | 28,964,654 | 1,260,153 | 294,485
2,807,842,614 | 29,067,447 | 1,135,962 | 365,266
2,807,996,920 | 29,044,905 | 1,180,447 | 306,091
2,808,075,015 | 29,194,392 | 1,142,426 | 331,928
2,807,053,209 | 29,103,778 | 1,153,747 | 287,001
2,812,275,777 | 36,537,151 | 1,199,005 | 344,091
