Performance results for ./matrix/3.mtx | threads=16 | chunksize=100
L1-dcache-loads | L1-dcache-load-misses | LLC-loads | LLC-load-misses
49,269,312,846 | 794,334,777 | 340,721,955 | 26,581,936
49,269,312,189 | 796,911,316 | 340,592,768 | 26,755,124
49,269,405,626 | 795,409,361 | 340,797,502 | 27,330,839
49,269,073,890 | 795,419,150 | 340,794,237 | 27,250,610
49,269,286,468 | 795,211,745 | 341,025,061 | 27,327,371
49,269,884,257 | 794,882,652 | 340,998,485 | 27,894,771
49,269,256,225 | 797,225,738 | 340,460,016 | 26,305,422
49,270,239,069 | 794,250,496 | 341,052,668 | 27,576,153
49,269,205,948 | 796,223,866 | 340,920,364 | 26,444,725
49,269,329,982 | 797,061,644 | 340,592,245 | 27,153,863
