Performance results for ./matrix/3.mtx | threads=32 | chunksize=1
L1-dcache-loads | L1-dcache-load-misses | LLC-loads | LLC-load-misses
49,290,483,828 | 806,460,692 | 345,967,338 | 29,477,070
49,291,979,757 | 807,200,445 | 346,000,403 | 31,740,184
49,289,878,179 | 805,587,035 | 346,491,832 | 29,845,795
49,290,462,824 | 807,305,071 | 345,825,879 | 31,687,900
49,291,185,736 | 810,976,332 | 345,172,680 | 29,079,276
49,292,050,378 | 807,013,605 | 345,919,211 | 32,100,434
49,290,701,918 | 804,287,537 | 346,255,170 | 30,280,974
49,291,906,149 | 807,282,203 | 345,647,682 | 30,472,270
49,291,832,213 | 807,292,127 | 345,944,191 | 31,206,723
49,290,634,405 | 804,894,149 | 346,049,165 | 29,580,216
