Performance results for ./matrix/3.mtx | threads=32 | chunksize=100
L1-dcache-loads | L1-dcache-load-misses | LLC-loads | LLC-load-misses
49,276,343,971 | 794,577,078 | 340,062,338 | 25,695,165
49,276,355,220 | 796,874,416 | 339,759,713 | 25,424,351
49,276,692,712 | 801,442,089 | 339,679,861 | 26,126,792
49,275,316,030 | 798,007,958 | 339,680,904 | 26,091,210
49,276,517,760 | 797,141,294 | 339,769,519 | 28,582,713
49,275,959,758 | 795,409,810 | 339,903,172 | 25,384,376
49,276,366,091 | 793,709,403 | 340,304,508 | 26,264,637
49,276,885,037 | 795,066,399 | 340,084,258 | 26,087,002
49,276,911,533 | 802,474,920 | 339,299,580 | 25,950,187
49,275,095,219 | 795,001,559 | 339,569,708 | 26,967,242
