Performance results for ./matrix/5.mtx | threads=8 | chunksize=1000
L1-dcache-loads | L1-dcache-load-misses | LLC-loads | LLC-load-misses
121,095,413,182 | 445,435,765 | 34,477,122 | 25,153,656
121,095,406,087 | 445,003,675 | 35,310,490 | 26,118,359
121,095,410,577 | 450,945,734 | 36,236,120 | 26,521,563
121,095,408,765 | 454,195,058 | 35,916,493 | 26,070,911
121,095,414,588 | 434,364,909 | 34,301,840 | 24,638,364
121,096,808,577 | 453,568,537 | 35,514,845 | 23,867,093
121,096,676,786 | 439,968,747 | 36,903,275 | 25,459,755
121,095,513,968 | 434,695,099 | 36,611,085 | 26,403,272
121,095,422,686 | 435,959,217 | 37,123,191 | 28,463,285
121,095,419,282 | 441,087,930 | 38,124,378 | 29,484,655
