Performance results for ./matrix/4.mtx | threads=32 | chunksize=1
L1-dcache-loads | L1-dcache-load-misses | LLC-loads | LLC-load-misses
68,905,909,238 | 480,100,879 | 71,537,059 | 40,135,666
68,907,154,574 | 480,474,949 | 71,740,313 | 41,763,733
68,897,911,245 | 533,920,458 | 117,071,708 | 51,401,710
68,897,963,751 | 538,604,009 | 122,576,326 | 57,252,364
68,897,992,254 | 531,426,345 | 114,308,846 | 53,312,816
68,907,099,032 | 472,286,874 | 71,208,394 | 39,286,791
68,897,865,905 | 539,458,816 | 122,678,526 | 55,523,273
68,905,111,733 | 532,388,389 | 118,882,387 | 50,225,729
68,913,934,416 | 456,951,423 | 59,249,356 | 36,661,310
68,907,120,427 | 474,175,522 | 71,308,393 | 40,366,375
