Performance results for ./matrix/4.mtx | threads=4 | chunksize=100
L1-dcache-loads | L1-dcache-load-misses | LLC-loads | LLC-load-misses
68,839,846,434 | 357,456,722 | 6,993,422 | 2,919,126
68,839,841,792 | 351,115,668 | 6,572,895 | 2,375,813
68,839,845,081 | 348,929,450 | 5,767,164 | 1,752,581
68,839,844,714 | 359,313,377 | 7,015,814 | 2,940,455
68,839,843,520 | 345,736,722 | 6,446,501 | 2,240,075
68,839,847,115 | 350,491,208 | 5,862,166 | 1,783,343
68,839,640,046 | 354,711,493 | 6,965,820 | 3,633,305
68,839,535,309 | 347,090,517 | 5,844,242 | 1,905,449
68,839,842,770 | 350,537,583 | 5,696,205 | 1,717,471
68,839,844,702 | 349,716,363 | 5,768,192 | 1,713,737
