Performance results for ./matrix/5.mtx | threads=4 | chunksize=100
L1-dcache-loads | L1-dcache-load-misses | LLC-loads | LLC-load-misses
121,099,928,475 | 465,135,683 | 43,139,468 | 31,553,965
121,100,849,911 | 453,059,856 | 43,616,312 | 33,188,939
121,100,554,437 | 455,604,163 | 42,617,884 | 33,730,553
121,099,939,803 | 452,534,442 | 43,417,774 | 31,222,546
121,100,436,311 | 451,223,904 | 42,709,258 | 33,739,291
121,099,911,575 | 456,073,462 | 42,482,135 | 27,156,671
121,100,129,568 | 446,346,888 | 54,004,707 | 40,615,966
121,100,848,202 | 454,792,723 | 44,130,244 | 34,297,047
121,100,831,637 | 449,944,785 | 43,050,824 | 32,578,391
121,099,959,308 | 457,716,098 | 46,187,162 | 35,127,050
