Performance results for ./matrix/1.mtx | threads=8 | chunksize=1000
L1-dcache-loads | L1-dcache-load-misses | LLC-loads | LLC-load-misses
569,816,039 | 5,774,526 | 166,394 | 63,316
569,812,622 | 5,753,511 | 194,619 | 64,480
569,784,978 | 5,770,229 | 173,612 | 68,908
569,835,787 | 5,756,553 | 178,333 | 80,968
569,795,234 | 5,781,173 | 191,826 | 76,281
569,839,214 | 5,755,687 | 157,176 | 67,790
569,811,004 | 5,748,471 | 185,573 | 72,914
569,788,044 | 5,781,804 | 166,072 | 58,317
569,832,020 | 5,774,948 | 178,751 | 70,096
569,835,795 | 5,755,699 | 179,505 | 78,665
