Performance results for ./matrix/5.mtx | threads=16 | chunksize=1000
L1-dcache-loads | L1-dcache-load-misses | LLC-loads | LLC-load-misses
121,100,470,987 | 440,746,524 | 38,276,650 | 28,572,306
121,100,431,016 | 440,190,229 | 39,371,583 | 30,151,364
121,100,437,331 | 448,636,417 | 40,159,721 | 30,873,910
121,100,444,021 | 436,447,755 | 40,119,990 | 30,347,073
121,100,448,750 | 442,644,505 | 38,514,396 | 28,872,382
121,103,657,081 | 438,581,613 | 37,274,799 | 26,166,697
121,104,561,692 | 441,602,214 | 38,457,035 | 28,747,860
121,103,484,972 | 443,509,275 | 37,402,772 | 26,660,092
121,104,661,401 | 439,212,620 | 36,844,438 | 25,939,577
121,104,578,016 | 454,590,048 | 36,940,418 | 25,763,741
