Performance results for ./matrix/5.mtx | threads=64 | chunksize=100
L1-dcache-loads | L1-dcache-load-misses | LLC-loads | LLC-load-misses
121,150,605,094 | 469,151,058 | 59,195,906 | 42,155,769
121,149,902,079 | 463,665,813 | 59,514,280 | 42,237,579
121,150,806,836 | 464,177,065 | 60,098,106 | 42,789,752
121,150,911,087 | 473,147,709 | 61,432,770 | 41,779,612
121,150,454,272 | 466,117,942 | 53,150,546 | 37,953,590
121,150,361,708 | 454,099,848 | 33,374,875 | 23,870,258
121,150,785,113 | 458,911,647 | 51,812,823 | 37,575,488
121,149,974,633 | 465,996,649 | 57,835,819 | 39,809,818
121,149,444,044 | 476,521,522 | 64,394,514 | 42,915,099
121,149,457,926 | 452,759,398 | 51,434,447 | 35,820,351
