Performance results for ./matrix/1.mtx | threads=32 | chunksize=100
L1-dcache-loads | L1-dcache-load-misses | LLC-loads | LLC-load-misses
570,515,627 | 5,793,729 | 308,335 | 48,481
570,478,007 | 5,800,861 | 278,068 | 52,412
570,504,385 | 5,764,484 | 309,188 | 47,820
570,395,171 | 5,762,857 | 319,467 | 75,302
570,608,491 | 5,780,688 | 321,698 | 59,925
570,447,159 | 5,783,181 | 301,822 | 52,993
572,038,572 | 5,781,661 | 285,298 | 52,226
570,449,752 | 5,784,786 | 287,336 | 80,250
570,922,592 | 5,791,559 | 313,166 | 67,697
570,233,718 | 5,767,589 | 315,216 | 75,976
