Performance results for ./matrix/5.mtx | threads=2 | chunksize=1000
L1-dcache-loads | L1-dcache-load-misses | LLC-loads | LLC-load-misses
121,091,960,933 | 419,165,250 | 38,816,821 | 27,868,512
121,091,818,899 | 437,917,674 | 38,366,742 | 31,042,411
121,092,090,740 | 429,866,865 | 37,531,269 | 30,168,012
121,091,856,421 | 420,139,942 | 38,752,427 | 30,590,306
121,092,161,400 | 436,607,261 | 38,505,969 | 30,872,097
121,092,069,608 | 447,289,368 | 36,172,808 | 28,182,512
121,091,773,408 | 445,276,432 | 36,768,984 | 28,669,016
121,092,084,180 | 443,519,420 | 37,485,117 | 30,829,552
121,092,204,377 | 425,990,338 | 37,632,091 | 30,515,307
121,091,850,696 | 433,980,301 | 38,157,946 | 30,461,217
