Performance results for ./matrix/1.mtx | threads=16 | chunksize=1
L1-dcache-loads | L1-dcache-load-misses | LLC-loads | LLC-load-misses
570,219,707 | 5,975,555 | 355,610 | 172,090
570,258,595 | 5,977,917 | 347,642 | 175,748
570,243,839 | 5,988,436 | 377,966 | 151,301
570,227,033 | 5,982,379 | 356,868 | 144,541
570,256,986 | 5,974,134 | 368,841 | 179,976
570,238,774 | 5,973,818 | 334,229 | 179,226
570,229,463 | 5,986,554 | 373,549 | 163,293
570,359,763 | 5,970,171 | 364,757 | 170,909
570,217,060 | 5,975,610 | 369,707 | 171,786
570,464,929 | 5,984,294 | 372,562 | 154,517
