Performance results for ./matrix/5.mtx | threads=2 | chunksize=1
L1-dcache-loads | L1-dcache-load-misses | LLC-loads | LLC-load-misses
121,862,741,921 | 484,971,853 | 41,377,705 | 33,071,046
121,862,232,915 | 491,733,028 | 46,169,262 | 37,604,637
121,862,453,091 | 487,692,440 | 41,173,554 | 32,507,565
121,862,738,283 | 494,294,914 | 41,115,018 | 32,823,108
121,862,590,838 | 469,526,432 | 41,900,695 | 31,546,649
121,862,618,683 | 489,573,915 | 39,681,351 | 31,587,605
121,862,467,310 | 503,310,050 | 38,348,604 | 28,308,268
121,862,494,403 | 479,747,759 | 40,916,422 | 31,186,407
121,862,724,766 | 494,184,790 | 40,304,079 | 32,805,376
121,862,721,197 | 500,675,068 | 38,244,427 | 28,987,608
