Performance results for ./matrix/1.mtx | threads=64 | chunksize=1
L1-dcache-loads | L1-dcache-load-misses | LLC-loads | LLC-load-misses
571,937,110 | 5,987,193 | 587,345 | 150,275
572,394,344 | 6,012,591 | 585,006 | 160,666
572,644,757 | 5,986,320 | 558,847 | 175,891
572,081,039 | 5,993,481 | 560,638 | 158,432
572,649,389 | 5,997,973 | 583,458 | 171,037
571,770,163 | 6,008,501 | 596,260 | 168,658
572,135,616 | 6,031,941 | 579,966 | 160,292
572,007,943 | 6,003,634 | 544,510 | 146,010
572,000,961 | 5,989,613 | 568,205 | 160,714
572,029,609 | 5,993,830 | 579,477 | 159,983
