Performance results for ./matrix/1.mtx | threads=4 | chunksize=100
L1-dcache-loads | L1-dcache-load-misses | LLC-loads | LLC-load-misses
569,775,058 | 5,765,649 | 140,117 | 77,358
569,775,810 | 5,771,066 | 149,904 | 40,905
569,761,103 | 5,766,106 | 149,090 | 71,273
569,750,937 | 5,770,959 | 172,351 | 71,064
569,769,361 | 5,770,736 | 162,497 | 77,747
569,745,126 | 5,762,566 | 148,329 | 56,935
569,766,136 | 5,752,387 | 163,255 | 69,113
569,758,395 | 5,771,048 | 167,193 | 57,264
569,779,466 | 5,764,110 | 149,386 | 73,426
569,762,778 | 5,752,838 | 139,642 | 46,026
