Performance results for ./matrix/2.mtx | threads=4 | chunksize=1000
L1-dcache-loads | L1-dcache-load-misses | LLC-loads | LLC-load-misses
2,804,355,674 | 28,704,447 | 623,878 | 148,468
2,804,399,964 | 28,616,596 | 584,676 | 246,196
2,804,708,794 | 34,802,716 | 775,644 | 148,060
2,804,371,456 | 28,834,198 | 599,437 | 108,640
2,804,395,474 | 28,685,947 | 615,265 | 218,920
2,805,721,245 | 36,288,110 | 692,687 | 223,287
2,804,350,293 | 28,833,442 | 619,434 | 176,261
2,804,838,721 | 36,270,124 | 791,644 | 205,474
2,804,345,214 | 28,855,886 | 664,910 | 143,243
2,804,322,469 | 28,729,423 | 608,705 | 277,515
