Performance results for ./matrix/5.mtx | threads=2 | chunksize=100
L1-dcache-loads | L1-dcache-load-misses | LLC-loads | LLC-load-misses
121,098,718,001 | 462,866,565 | 40,253,344 | 31,336,028
121,099,020,912 | 457,936,138 | 39,644,588 | 31,732,170
121,099,026,515 | 438,289,988 | 39,028,937 | 29,281,433
121,098,722,147 | 460,451,820 | 39,853,136 | 29,934,700
121,098,847,230 | 449,780,117 | 38,933,019 | 29,010,123
121,098,721,305 | 452,696,776 | 38,762,213 | 28,104,217
121,098,747,895 | 451,815,653 | 40,113,072 | 30,648,109
121,099,006,127 | 453,263,809 | 38,371,447 | 29,459,497
121,098,729,578 | 457,877,554 | 40,185,752 | 30,958,375
121,099,020,939 | 455,552,475 | 39,198,902 | 31,801,937
