Performance results for ./matrix/4.mtx | threads=16 | chunksize=100
L1-dcache-loads | L1-dcache-load-misses | LLC-loads | LLC-load-misses
68,846,382,139 | 356,702,308 | 7,632,119 | 3,935,986
68,846,674,631 | 354,281,827 | 7,627,094 | 3,730,585
68,846,994,110 | 354,672,416 | 7,612,554 | 3,687,023
68,846,661,283 | 355,113,888 | 7,952,243 | 4,211,350
68,845,801,996 | 356,148,624 | 7,673,266 | 3,842,566
68,844,792,195 | 349,365,113 | 6,061,230 | 2,361,988
68,846,064,417 | 352,247,553 | 8,317,804 | 4,383,450
68,846,262,883 | 356,090,659 | 7,738,378 | 3,799,508
68,845,858,865 | 348,423,773 | 8,871,149 | 4,419,376
68,846,577,517 | 343,898,347 | 6,928,214 | 3,345,288
