Performance results for ./matrix/4.mtx | threads=32 | chunksize=1000
L1-dcache-loads | L1-dcache-load-misses | LLC-loads | LLC-load-misses
68,862,358,862 | 347,454,367 | 3,106,699 | 1,276,593
68,856,265,665 | 364,872,132 | 5,594,263 | 3,396,941
68,863,136,084 | 354,158,779 | 3,627,646 | 1,635,816
68,863,303,137 | 358,242,154 | 5,058,503 | 3,031,120
68,863,353,399 | 363,120,328 | 4,756,468 | 2,719,538
68,856,603,672 | 357,274,573 | 6,763,166 | 4,461,807
68,862,286,399 | 350,040,291 | 3,360,543 | 1,539,290
68,862,865,549 | 346,261,101 | 3,216,959 | 1,354,868
68,855,850,587 | 347,583,630 | 3,297,625 | 1,331,914
68,856,688,395 | 361,742,620 | 6,411,341 | 3,975,713
