Performance results for ./matrix/2.mtx | threads=16 | chunksize=1000
L1-dcache-loads | L1-dcache-load-misses | LLC-loads | LLC-load-misses
2,804,766,510 | 28,862,741 | 600,946 | 223,570
2,807,148,452 | 35,979,768 | 896,944 | 121,653
2,804,909,560 | 28,704,748 | 710,964 | 216,640
2,804,799,429 | 28,731,900 | 630,742 | 238,935
2,808,725,126 | 36,150,129 | 854,202 | 217,031
2,808,630,953 | 36,197,686 | 855,543 | 225,212
2,808,887,090 | 36,289,149 | 974,959 | 228,461
2,804,778,684 | 28,859,521 | 790,677 | 167,487
2,804,697,778 | 28,808,579 | 796,760 | 251,175
2,805,782,782 | 36,387,740 | 741,385 | 215,812
