Performance results for ./matrix/4.mtx | threads=2 | chunksize=100
L1-dcache-loads | L1-dcache-load-misses | LLC-loads | LLC-load-misses
68,838,633,944 | 349,540,159 | 3,909,239 | 1,580,808
68,838,337,258 | 348,606,515 | 3,860,290 | 1,325,159
68,838,337,892 | 350,710,999 | 4,843,637 | 2,438,605
68,838,336,245 | 354,520,947 | 4,717,263 | 2,319,785
68,838,338,232 | 351,223,997 | 4,647,854 | 2,339,313
68,838,339,871 | 352,885,447 | 4,690,544 | 2,339,144
68,838,340,143 | 353,889,664 | 4,739,378 | 2,343,731
68,838,339,244 | 355,860,719 | 4,802,855 | 2,339,841
68,838,339,303 | 353,142,881 | 4,733,432 | 2,342,921
68,838,338,848 | 354,991,180 | 4,715,088 | 2,328,061
