Performance results for ./matrix/5.mtx | threads=64 | chunksize=1000
L1-dcache-loads | L1-dcache-load-misses | LLC-loads | LLC-load-misses
121,143,042,436 | 447,005,179 | 40,083,099 | 29,229,875
121,144,673,143 | 447,226,642 | 41,627,979 | 30,250,585
121,143,477,874 | 447,020,568 | 39,995,142 | 29,425,411
121,142,330,523 | 446,778,913 | 39,803,885 | 28,770,021
121,142,454,946 | 443,805,964 | 41,308,064 | 29,973,951
121,143,801,376 | 441,454,630 | 39,133,686 | 27,276,504
121,143,185,321 | 454,973,428 | 38,392,017 | 26,541,581
121,143,320,347 | 445,575,756 | 35,120,013 | 23,804,587
121,143,285,069 | 440,285,096 | 35,541,631 | 23,065,763
121,142,787,931 | 441,740,579 | 35,256,414 | 23,502,224
