Performance results for ./matrix/5.mtx | threads=32 | chunksize=100
L1-dcache-loads | L1-dcache-load-misses | LLC-loads | LLC-load-misses
121,117,832,082 | 470,903,805 | 49,380,443 | 33,572,566
121,118,082,858 | 458,844,393 | 53,208,140 | 35,358,462
121,125,195,614 | 464,244,108 | 48,739,247 | 36,582,374
121,125,166,197 | 457,051,911 | 50,286,651 | 36,433,169
121,118,353,777 | 451,962,131 | 47,419,090 | 35,391,331
121,117,942,175 | 470,486,179 | 58,599,047 | 38,534,268
121,117,950,510 | 465,912,880 | 57,767,125 | 38,088,303
121,118,257,990 | 469,986,237 | 56,036,278 | 37,428,454
121,117,823,045 | 466,266,491 | 47,925,815 | 33,633,568
121,117,817,570 | 467,657,486 | 49,208,821 | 32,726,387
