Performance results for ./matrix/3.mtx | threads=8 | chunksize=1000
L1-dcache-loads | L1-dcache-load-misses | LLC-loads | LLC-load-misses
49,265,665,463 | 795,255,433 | 340,874,745 | 28,551,942
49,265,684,311 | 799,792,850 | 340,344,704 | 26,738,774
49,265,573,403 | 795,068,331 | 340,977,657 | 27,536,277
49,265,758,168 | 797,572,009 | 340,452,740 | 26,028,039
49,265,435,463 | 803,429,536 | 339,880,797 | 26,249,794
49,265,400,158 | 794,081,801 | 340,942,325 | 30,457,109
49,265,600,742 | 796,611,235 | 340,592,693 | 26,095,653
49,265,213,688 | 796,964,711 | 341,389,745 | 28,257,650
49,265,425,785 | 794,961,284 | 340,905,643 | 28,431,476
49,265,452,046 | 796,094,218 | 340,630,931 | 26,363,982
