Performance results for ./matrix/1.mtx | threads=32 | chunksize=1
L1-dcache-loads | L1-dcache-load-misses | LLC-loads | LLC-load-misses
570,619,891 | 5,985,568 | 452,201 | 155,153
570,657,304 | 5,987,990 | 466,688 | 164,136
570,861,929 | 5,990,189 | 424,575 | 149,516
570,717,376 | 5,992,266 | 464,713 | 158,984
570,780,965 | 5,990,882 | 482,127 | 163,489
570,743,096 | 5,986,925 | 437,785 | 172,024
570,703,190 | 5,994,112 | 470,926 | 144,015
570,879,431 | 5,988,829 | 443,987 | 119,909
570,652,444 | 5,995,416 | 469,091 | 157,845
570,578,216 | 5,980,287 | 475,561 | 148,484
