Performance results for ./matrix/4.mtx | threads=4 | chunksize=1000
L1-dcache-loads | L1-dcache-load-misses | LLC-loads | LLC-load-misses
68,839,397,114 | 350,135,296 | 4,152,716 | 1,855,921
68,839,228,891 | 351,909,060 | 4,852,040 | 2,667,697
68,839,398,701 | 344,153,891 | 4,501,579 | 2,399,552
68,839,279,985 | 344,050,462 | 3,326,386 | 1,324,084
68,839,110,347 | 346,648,423 | 3,166,764 | 1,195,533
68,839,392,281 | 347,773,925 | 3,485,005 | 1,223,786
68,839,086,369 | 352,891,630 | 4,504,450 | 2,060,741
68,839,086,675 | 349,791,025 | 3,367,184 | 1,119,856
68,839,088,365 | 349,289,592 | 3,396,426 | 1,117,098
68,839,104,297 | 352,250,311 | 3,356,674 | 1,166,605
