Performance results for ./matrix/3.mtx | threads=16 | chunksize=1
L1-dcache-loads | L1-dcache-load-misses | LLC-loads | LLC-load-misses
49,282,267,777 | 811,491,867 | 346,265,409 | 31,354,064
49,282,741,127 | 806,048,728 | 346,886,982 | 31,550,144
49,282,844,621 | 804,955,505 | 346,689,167 | 32,636,937
49,283,029,447 | 808,361,905 | 346,251,546 | 31,819,547
49,283,005,908 | 807,067,228 | 346,101,406 | 31,567,938
49,282,871,261 | 805,345,989 | 346,904,662 | 32,581,620
49,282,958,328 | 804,158,239 | 346,735,317 | 30,888,871
49,282,441,523 | 804,155,026 | 346,907,788 | 32,838,872
49,282,464,892 | 807,553,247 | 347,219,436 | 32,399,269
49,282,353,649 | 806,618,940 | 346,600,114 | 30,801,474
