Performance results for ./matrix/3.mtx | threads=64 | chunksize=100
L1-dcache-loads | L1-dcache-load-misses | LLC-loads | LLC-load-misses
49,292,534,647 | 794,325,669 | 339,716,481 | 25,216,108
49,291,480,848 | 797,119,086 | 339,277,790 | 24,480,200
49,294,861,549 | 794,984,911 | 339,453,383 | 25,238,723
49,295,750,593 | 796,711,770 | 339,291,339 | 24,913,209
49,294,659,424 | 795,238,421 | 339,446,022 | 25,091,280
49,291,658,791 | 796,413,274 | 339,360,018 | 24,643,217
49,291,306,702 | 799,746,769 | 338,942,262 | 24,590,115
49,292,250,484 | 796,231,328 | 339,503,195 | 25,151,217
49,293,972,294 | 800,291,455 | 338,844,328 | 24,649,742
49,294,594,061 | 799,606,361 | 338,943,714 | 25,090,407
