Performance results for ./matrix/4.mtx | threads=8 | chunksize=100
L1-dcache-loads | L1-dcache-load-misses | LLC-loads | LLC-load-misses
68,841,847,117 | 357,051,720 | 8,620,056 | 3,721,951
68,842,068,289 | 354,715,648 | 8,571,372 | 3,825,345
68,842,170,062 | 355,027,945 | 8,592,420 | 3,956,431
68,842,034,584 | 358,358,045 | 8,599,757 | 3,914,454
68,842,013,772 | 357,809,895 | 8,574,347 | 3,940,778
68,842,015,587 | 354,861,135 | 8,569,123 | 3,869,976
68,842,013,689 | 357,490,786 | 8,627,864 | 3,932,627
68,842,147,813 | 359,643,396 | 8,580,782 | 3,888,989
68,842,038,271 | 354,469,903 | 8,579,897 | 3,920,668
68,842,024,655 | 353,754,450 | 8,579,262 | 3,891,245
