Performance results for ./matrix/4.mtx | threads=2 | chunksize=1000
L1-dcache-loads | L1-dcache-load-misses | LLC-loads | LLC-load-misses
68,837,894,819 | 358,161,087 | 4,393,962 | 2,127,832
68,837,894,747 | 358,519,546 | 4,355,556 | 2,162,684
68,837,894,108 | 354,823,536 | 4,321,987 | 2,119,623
68,837,891,861 | 357,572,023 | 4,314,927 | 2,135,132
68,837,895,932 | 360,030,416 | 4,428,500 | 2,252,983
68,837,896,531 | 353,880,217 | 4,397,752 | 2,132,225
68,837,896,477 | 353,797,509 | 4,329,589 | 2,116,460
68,837,894,620 | 358,857,905 | 4,355,617 | 2,148,235
68,837,892,257 | 359,023,507 | 4,399,877 | 2,147,116
68,837,894,506 | 357,805,097 | 4,322,476 | 2,130,113
