Performance results for ./matrix/3.mtx | threads=8 | chunksize=100
L1-dcache-loads | L1-dcache-load-misses | LLC-loads | LLC-load-misses
49,265,867,195 | 795,181,498 | 340,869,154 | 27,039,739
49,265,702,292 | 795,913,286 | 340,852,398 | 28,362,546
49,265,834,051 | 795,854,885 | 341,028,228 | 28,548,099
49,265,667,576 | 796,166,880 | 340,906,970 | 28,632,027
49,265,710,250 | 796,837,421 | 341,981,828 | 27,488,048
49,265,715,475 | 799,779,316 | 340,705,230 | 27,072,156
49,265,637,196 | 801,459,698 | 340,223,618 | 26,054,525
49,265,433,836 | 794,611,275 | 341,085,013 | 27,445,514
49,265,362,200 | 798,044,712 | 340,562,267 | 27,453,728
49,265,698,783 | 796,579,401 | 341,607,994 | 29,589,432
