Performance results for ./matrix/4.mtx | threads=64 | chunksize=1000
L1-dcache-loads | L1-dcache-load-misses | LLC-loads | LLC-load-misses
68,878,120,711 | 358,271,791 | 5,885,465 | 3,772,414
68,877,543,366 | 361,341,626 | 5,116,801 | 3,120,566
68,877,342,385 | 356,912,818 | 5,314,746 | 2,919,420
68,877,163,696 | 356,278,073 | 5,349,242 | 2,953,382
68,874,624,990 | 357,888,122 | 4,099,264 | 1,929,546
68,876,999,404 | 357,642,747 | 4,916,720 | 2,705,025
68,888,882,394 | 357,607,094 | 4,196,517 | 2,174,419
68,887,196,352 | 355,190,797 | 4,681,808 | 2,655,184
68,887,215,047 | 354,907,914 | 4,707,182 | 2,694,806
68,887,612,711 | 357,574,714 | 4,783,719 | 2,612,507
