Performance results for ./matrix/2.mtx | threads=16 | chunksize=100
L1-dcache-loads | L1-dcache-load-misses | LLC-loads | LLC-load-misses
2,804,803,220 | 28,746,713 | 747,740 | 161,947
2,804,730,360 | 28,757,374 | 734,664 | 160,178
2,804,836,568 | 28,681,755 | 679,353 | 175,912
2,804,578,824 | 28,707,570 | 710,181 | 178,493
2,804,823,519 | 28,697,038 | 703,620 | 246,135
2,806,158,411 | 36,268,896 | 873,414 | 202,113
2,804,944,468 | 28,710,861 | 674,959 | 171,196
2,804,709,135 | 28,862,038 | 645,707 | 159,501
2,806,275,917 | 31,424,296 | 846,857 | 161,524
2,808,764,903 | 36,228,583 | 824,373 | 213,044
