Performance results for ./matrix/5.mtx | threads=1 | chunksize=1000
L1-dcache-loads | L1-dcache-load-misses | LLC-loads | LLC-load-misses
121,091,218,304 | 440,837,650 | 37,598,707 | 30,874,928
121,091,172,771 | 440,132,665 | 36,653,358 | 28,682,014
121,091,186,712 | 440,627,280 | 36,854,912 | 28,467,589
121,091,182,417 | 443,045,741 | 36,197,473 | 28,429,096
121,091,206,875 | 441,048,910 | 38,260,369 | 30,086,067
121,091,180,331 | 435,740,832 | 36,812,499 | 29,862,129
121,091,191,746 | 443,943,764 | 36,338,778 | 27,807,909
121,091,239,071 | 440,395,384 | 38,498,527 | 31,522,752
121,091,170,655 | 435,303,064 | 36,631,810 | 28,871,568
121,091,187,324 | 439,553,758 | 36,951,541 | 28,763,232
