Performance results for ./matrix/3.mtx | threads=1 | chunksize=1000
L1-dcache-loads | L1-dcache-load-misses | LLC-loads | LLC-load-misses
49,261,535,345 | 799,047,065 | 341,815,121 | 26,932,798
49,261,535,351 | 801,887,289 | 341,394,801 | 26,609,940
49,261,535,347 | 795,150,225 | 342,281,887 | 27,376,143
49,261,535,348 | 801,343,900 | 341,605,584 | 26,762,995
49,261,535,344 | 793,833,719 | 342,578,366 | 28,899,898
49,261,535,346 | 794,997,347 | 342,362,541 | 27,850,036
49,261,535,347 | 794,701,723 | 342,341,809 | 27,388,584
49,261,535,347 | 794,635,206 | 342,552,494 | 27,901,177
49,261,535,353 | 798,522,664 | 342,043,021 | 27,617,539
49,261,535,351 | 796,436,182 | 342,124,179 | 27,302,690
