Performance results for ./matrix/5.mtx | threads=8 | chunksize=100
L1-dcache-loads | L1-dcache-load-misses | LLC-loads | LLC-load-misses
121,102,400,304 | 456,595,440 | 46,990,814 | 34,884,679
121,102,306,311 | 452,745,181 | 32,030,533 | 20,963,010
121,102,335,998 | 451,910,508 | 32,347,762 | 20,308,177
121,102,338,835 | 455,947,936 | 34,468,554 | 25,172,820
121,102,357,526 | 461,870,262 | 42,551,693 | 33,130,220
121,102,357,772 | 456,767,376 | 41,370,191 | 31,792,882
121,102,352,390 | 461,558,421 | 42,055,350 | 32,514,794
121,102,360,061 | 462,963,253 | 42,732,880 | 32,805,455
121,102,356,219 | 464,619,840 | 42,118,072 | 32,458,089
121,102,353,886 | 462,008,684 | 42,533,905 | 32,795,315
