Performance results for ./matrix/4.mtx | threads=2 | chunksize=1
L1-dcache-loads | L1-dcache-load-misses | LLC-loads | LLC-load-misses
68,887,908,043 | 407,804,990 | 16,711,884 | 6,979,158
68,888,035,699 | 392,692,281 | 20,000,048 | 10,896,591
68,887,914,206 | 402,177,707 | 14,731,968 | 4,749,838
68,888,206,663 | 405,645,000 | 16,742,408 | 6,822,266
68,887,912,419 | 398,552,770 | 19,466,231 | 10,095,632
68,887,909,555 | 395,780,437 | 16,932,126 | 6,425,337
68,888,208,997 | 399,257,207 | 18,080,006 | 7,291,665
68,888,206,883 | 401,751,327 | 16,276,335 | 5,635,998
68,888,206,813 | 399,594,797 | 16,145,839 | 5,635,286
68,888,206,780 | 402,795,712 | 16,195,552 | 5,608,420
