Performance results for ./matrix/4.mtx | threads=16 | chunksize=1
L1-dcache-loads | L1-dcache-load-misses | LLC-loads | LLC-load-misses
68,896,862,596 | 458,380,635 | 46,275,773 | 31,612,754
68,896,726,062 | 462,612,539 | 46,488,310 | 32,353,767
68,896,849,275 | 454,143,130 | 47,053,608 | 30,972,063
68,896,412,255 | 459,976,260 | 45,204,111 | 30,003,466
68,896,533,777 | 458,010,367 | 46,474,247 | 31,157,580
68,896,850,639 | 459,487,627 | 45,344,704 | 30,704,914
68,896,742,037 | 456,598,758 | 45,991,238 | 32,109,563
68,896,451,016 | 450,314,279 | 46,118,651 | 31,092,395
68,892,455,098 | 523,944,297 | 93,547,961 | 51,745,632
68,896,845,478 | 473,940,976 | 55,892,524 | 34,911,448
