Performance results for ./matrix/4.mtx | threads=64 | chunksize=1
L1-dcache-loads | L1-dcache-load-misses | LLC-loads | LLC-load-misses
68,936,953,469 | 493,818,449 | 69,324,068 | 50,516,345
68,938,477,689 | 545,006,280 | 122,429,500 | 54,814,328
68,935,728,727 | 539,391,927 | 113,661,300 | 50,808,584
68,938,366,498 | 536,495,224 | 104,967,502 | 50,413,380
68,937,973,363 | 514,708,218 | 83,261,618 | 51,007,248
68,938,476,942 | 533,989,256 | 111,086,313 | 50,908,400
68,937,939,707 | 548,934,827 | 114,768,572 | 52,423,524
68,935,370,827 | 567,376,479 | 131,699,325 | 54,996,062
68,941,443,891 | 516,570,021 | 85,044,688 | 47,229,671
68,938,003,789 | 523,927,183 | 80,315,105 | 41,872,157
