Performance results for ./matrix/5.mtx | threads=1 | chunksize=1
L1-dcache-loads | L1-dcache-load-misses | LLC-loads | LLC-load-misses
121,861,803,804 | 440,570,044 | 36,070,950 | 27,425,336
121,861,844,376 | 434,246,365 | 38,099,594 | 30,374,763
121,861,812,906 | 436,289,621 | 35,358,985 | 27,307,694
121,861,839,964 | 438,370,508 | 37,138,831 | 28,776,173
121,861,862,837 | 421,293,519 | 37,669,149 | 30,814,252
121,861,811,908 | 441,520,042 | 35,808,270 | 26,797,160
121,861,833,520 | 434,050,350 | 37,195,373 | 29,999,946
121,861,797,454 | 440,333,864 | 35,756,588 | 26,668,834
121,861,838,176 | 436,878,643 | 37,136,524 | 29,866,676
121,861,830,191 | 438,982,353 | 35,650,834 | 28,827,285
