Performance results for ./matrix/3.mtx | threads=64 | chunksize=1
L1-dcache-loads | L1-dcache-load-misses | LLC-loads | LLC-load-misses
49,306,843,988 | 804,372,294 | 345,599,979 | 28,758,277
49,303,684,706 | 809,179,588 | 344,903,976 | 28,570,161
49,307,189,287 | 805,495,564 | 345,509,143 | 29,200,140
49,307,758,152 | 806,690,801 | 345,186,062 | 29,247,484
49,307,011,562 | 807,305,767 | 345,181,087 | 28,356,156
49,307,994,954 | 809,320,968 | 345,012,259 | 28,395,292
49,307,387,931 | 804,953,569 | 345,532,000 | 29,161,615
49,307,970,374 | 804,447,860 | 345,673,062 | 30,205,558
49,307,825,623 | 805,201,578 | 345,591,864 | 29,981,783
49,307,993,086 | 803,953,854 | 345,603,649 | 29,397,270
