Performance results for ./matrix/1.mtx | threads=64 | chunksize=100
L1-dcache-loads | L1-dcache-load-misses | LLC-loads | LLC-load-misses
572,325,595 | 5,794,268 | 448,801 | 58,923
571,599,275 | 5,810,618 | 436,317 | 83,994
571,750,020 | 5,777,037 | 425,013 | 84,340
571,698,319 | 5,791,767 | 437,417 | 69,130
571,897,074 | 5,794,648 | 445,028 | 87,170
571,484,915 | 5,785,871 | 436,898 | 87,432
572,058,460 | 5,795,748 | 409,068 | 79,150
571,831,336 | 5,802,952 | 443,576 | 87,986
571,240,950 | 5,788,668 | 507,367 | 85,890
571,986,435 | 5,776,975 | 446,192 | 90,107
