Performance results for ./matrix/4.mtx | threads=32 | chunksize=100
L1-dcache-loads | L1-dcache-load-misses | LLC-loads | LLC-load-misses
68,862,396,292 | 346,955,683 | 6,169,447 | 2,907,292
68,862,701,965 | 348,459,599 | 5,462,905 | 2,435,404
68,855,083,633 | 349,704,635 | 5,379,752 | 2,198,248
68,854,959,912 | 363,088,719 | 6,627,375 | 3,280,758
68,863,913,036 | 348,125,778 | 5,540,973 | 2,409,850
68,853,709,137 | 347,849,932 | 5,546,479 | 2,335,873
68,855,751,914 | 348,933,603 | 5,456,279 | 2,309,207
68,853,888,343 | 353,852,552 | 5,918,800 | 2,601,721
68,855,016,246 | 349,066,187 | 5,532,807 | 2,361,504
68,861,134,257 | 348,100,970 | 5,542,170 | 2,419,554
