Performance results for ./matrix/2.mtx | threads=4 | chunksize=1
L1-dcache-loads | L1-dcache-load-misses | LLC-loads | LLC-load-misses
2,804,878,469 | 28,884,233 | 758,956 | 321,904
2,804,719,180 | 28,881,602 | 775,875 | 377,355
2,805,345,333 | 34,935,273 | 962,171 | 372,013
2,804,678,896 | 28,895,072 | 721,501 | 313,070
2,805,473,772 | 36,316,340 | 856,884 | 367,266
2,804,831,419 | 28,823,731 | 736,923 | 356,604
2,804,837,298 | 28,864,159 | 898,113 | 374,832
2,804,772,250 | 28,940,713 | 759,568 | 300,738
2,805,624,734 | 36,281,830 | 943,055 | 373,791
2,804,797,527 | 28,888,781 | 673,232 | 268,349
