Performance results for ./matrix/2.mtx | threads=8 | chunksize=100
L1-dcache-loads | L1-dcache-load-misses | LLC-loads | LLC-load-misses
2,804,393,158 | 28,723,155 | 626,555 | 172,458
2,805,739,626 | 36,168,050 | 898,680 | 166,502
2,804,384,509 | 28,731,310 | 643,720 | 174,903
2,804,500,254 | 28,866,746 | 703,474 | 167,826
2,804,356,520 | 28,873,407 | 605,110 | 183,446
2,804,361,014 | 28,750,037 | 615,928 | 194,659
2,804,641,998 | 28,656,223 | 611,373 | 220,065
2,804,361,050 | 28,806,093 | 730,569 | 105,743
2,804,390,066 | 28,846,912 | 687,576 | 163,491
2,804,364,415 | 28,650,446 | 595,941 | 253,646
