Performance results for ./matrix/4.mtx | threads=8 | chunksize=1
L1-dcache-loads | L1-dcache-load-misses | LLC-loads | LLC-load-misses
68,890,343,482 | 441,092,503 | 38,258,551 | 26,231,201
68,890,636,834 | 442,202,669 | 39,155,215 | 24,535,821
68,890,766,524 | 449,548,787 | 37,614,853 | 22,987,189
68,891,851,773 | 454,486,526 | 40,031,734 | 25,811,987
68,891,860,732 | 453,361,140 | 39,854,837 | 27,188,103
68,891,860,914 | 457,764,654 | 39,823,341 | 27,370,424
68,890,362,800 | 450,769,189 | 39,690,341 | 22,873,944
68,890,104,352 | 455,741,329 | 40,487,621 | 25,824,735
68,891,862,485 | 455,477,259 | 39,857,225 | 27,352,767
68,891,875,338 | 457,444,707 | 40,055,289 | 27,207,233
