Performance results for ./matrix/1.mtx | threads=2 | chunksize=1000
L1-dcache-loads | L1-dcache-load-misses | LLC-loads | LLC-load-misses
569,706,222 | 5,752,559 | 99,752 | 28,684
569,731,019 | 5,753,792 | 281,321 | 229,415
569,731,336 | 5,765,448 | 110,401 | 28,276
569,744,698 | 5,763,800 | 132,339 | 70,123
569,737,719 | 5,766,039 | 109,701 | 30,589
569,756,026 | 5,766,010 | 127,579 | 61,861
569,753,097 | 5,762,145 | 117,801 | 28,326
569,747,686 | 5,768,007 | 132,323 | 52,493
569,759,519 | 5,771,043 | 130,651 | 48,809
569,795,250 | 5,775,052 | 130,304 | 59,215
