Performance results for ./matrix/5.mtx | threads=32 | chunksize=1000
L1-dcache-loads | L1-dcache-load-misses | LLC-loads | LLC-load-misses
121,110,988,849 | 437,219,461 | 39,685,987 | 28,654,288
121,110,877,890 | 426,002,615 | 36,758,193 | 26,934,446
121,110,996,216 | 451,340,993 | 38,042,691 | 26,835,797
121,110,857,858 | 445,952,769 | 39,322,900 | 29,436,847
121,110,912,705 | 431,850,411 | 41,020,614 | 29,951,952
121,110,969,208 | 441,875,517 | 39,409,202 | 28,292,352
121,111,125,603 | 449,933,706 | 39,978,428 | 29,076,352
121,111,136,769 | 445,321,410 | 39,908,085 | 29,331,956
121,110,835,239 | 440,432,935 | 37,894,788 | 26,230,809
121,110,842,485 | 443,104,394 | 39,230,235 | 28,816,717
