Performance results for ./matrix/2.mtx | threads=1 | chunksize=100
L1-dcache-loads | L1-dcache-load-misses | LLC-loads | LLC-load-misses
2,804,187,710 | 28,709,901 | 591,709 | 173,008
2,804,187,730 | 28,702,497 | 616,759 | 177,763
2,804,187,695 | 28,687,168 | 471,058 | 209,445
2,804,187,720 | 28,712,418 | 527,310 | 199,630
2,804,187,717 | 28,685,316 | 621,481 | 178,616
2,804,187,725 | 28,704,597 | 491,059 | 128,665
2,804,187,721 | 28,696,345 | 504,774 | 190,457
2,804,187,704 | 28,723,022 | 490,063 | 146,845
2,804,187,714 | 28,771,142 | 569,083 | 213,171
2,804,187,701 | 28,785,895 | 537,946 | 245,751
