Performance results for ./matrix/1.mtx | threads=4 | chunksize=1
L1-dcache-loads | L1-dcache-load-misses | LLC-loads | LLC-load-misses
570,093,923 | 5,912,560 | 231,476 | 117,368
570,094,228 | 5,926,014 | 241,347 | 126,712
570,026,741 | 5,941,117 | 263,987 | 181,289
570,095,663 | 5,924,751 | 248,051 | 112,107
570,085,242 | 5,922,622 | 223,822 | 122,968
570,089,517 | 5,933,016 | 229,589 | 132,253
570,055,191 | 5,945,541 | 231,164 | 122,508
570,113,779 | 5,938,549 | 223,593 | 98,162
570,056,861 | 5,938,026 | 230,255 | 109,088
570,105,745 | 5,912,895 | 250,604 | 141,757
