Performance results for ./matrix/3.mtx | threads=2 | chunksize=1000
L1-dcache-loads | L1-dcache-load-misses | LLC-loads | LLC-load-misses
49,262,143,715 | 794,919,515 | 341,490,142 | 27,126,230
49,262,143,194 | 794,175,862 | 341,670,304 | 26,834,553
49,262,142,992 | 794,901,927 | 341,503,231 | 28,498,691
49,262,143,162 | 801,842,288 | 340,722,622 | 26,599,185
49,262,144,304 | 795,296,333 | 341,527,215 | 27,137,469
49,262,143,146 | 797,393,795 | 341,395,412 | 26,798,890
49,262,143,211 | 796,418,359 | 341,367,087 | 26,886,431
49,262,142,592 | 795,369,984 | 341,778,517 | 28,299,409
49,262,143,396 | 795,214,717 | 341,772,925 | 27,312,829
49,262,142,907 | 797,010,953 | 341,357,057 | 27,181,541
