Performance results for ./matrix/4.mtx | threads=8 | chunksize=1000
L1-dcache-loads | L1-dcache-load-misses | LLC-loads | LLC-load-misses
68,841,810,189 | 357,534,873 | 4,508,422 | 2,511,571
68,841,570,404 | 355,999,867 | 4,636,797 | 2,652,974
68,841,582,186 | 355,871,555 | 4,659,750 | 2,675,922
68,841,544,412 | 354,757,949 | 4,623,115 | 2,660,854
68,841,602,306 | 359,688,041 | 4,574,510 | 2,617,500
68,841,441,254 | 355,703,626 | 4,541,184 | 2,578,212
68,841,573,232 | 353,062,141 | 4,652,209 | 2,619,679
68,841,568,519 | 357,489,332 | 4,628,646 | 2,682,968
68,841,615,633 | 356,629,551 | 4,639,150 | 2,652,047
68,841,095,773 | 344,853,506 | 3,188,999 | 1,255,443
