Performance results for ./matrix/1.mtx | threads=1 | chunksize=1000
L1-dcache-loads | L1-dcache-load-misses | LLC-loads | LLC-load-misses
569,689,001 | 5,755,264 | 86,257 | 18,380
569,689,035 | 5,771,087 | 112,679 | 52,417
569,689,027 | 5,768,401 | 104,706 | 47,885
569,689,034 | 5,752,531 | 115,837 | 6,772
569,689,000 | 5,754,054 | 99,006 | 24,383
569,689,029 | 5,773,768 | 93,016 | 35,254
569,689,031 | 5,760,958 | 86,994 | 19,195
569,689,027 | 5,781,779 | 99,971 | 48,560
569,689,002 | 5,758,756 | 95,454 | 31,556
569,689,024 | 5,762,722 | 105,990 | 10,856
