Performance results for ./matrix/2.mtx | threads=1 | chunksize=1000
L1-dcache-loads | L1-dcache-load-misses | LLC-loads | LLC-load-misses
2,804,186,105 | 36,159,792 | 610,424 | 173,881
2,804,186,083 | 28,715,370 | 451,453 | 202,233
2,804,195,889 | 34,128,449 | 738,286 | 179,074
2,804,186,082 | 36,146,447 | 606,669 | 211,240
2,804,186,153 | 36,130,676 | 681,020 | 206,841
2,804,186,099 | 35,884,637 | 625,502 | 188,828
2,804,186,109 | 28,834,879 | 510,419 | 111,311
2,804,186,097 | 28,725,588 | 515,915 | 165,150
2,804,186,076 | 29,230,308 | 578,287 | 259,847
2,804,186,117 | 28,825,757 | 594,748 | 195,662
