Performance results for ./matrix/1.mtx | threads=4 | chunksize=1000
L1-dcache-loads | L1-dcache-load-misses | LLC-loads | LLC-load-misses
569,782,276 | 5,763,207 | 178,318 | 83,264
569,765,071 | 5,775,429 | 176,523 | 58,214
569,762,607 | 5,772,457 | 129,343 | 43,157
569,758,136 | 5,753,068 | 135,817 | 38,697
569,770,891 | 5,757,924 | 151,879 | 54,255
569,775,373 | 5,752,148 | 157,911 | 40,706
569,766,060 | 5,792,560 | 130,885 | 66,860
569,770,668 | 5,746,457 | 143,015 | 63,986
569,768,575 | 5,758,528 | 141,575 | 75,743
569,763,840 | 5,763,755 | 138,412 | 44,006
