Performance results for ./matrix/1.mtx | threads=32 | chunksize=1000
L1-dcache-loads | L1-dcache-load-misses | LLC-loads | LLC-load-misses
570,779,399 | 5,790,959 | 336,621 | 77,229
570,450,693 | 5,786,779 | 327,225 | 61,769
570,384,277 | 5,779,971 | 287,665 | 80,208
570,352,788 | 5,772,137 | 287,766 | 81,323
587,673,379 | 5,776,380 | 223,008 | 85,106
570,252,118 | 5,778,973 | 271,621 | 65,176
570,376,653 | 5,782,322 | 315,964 | 83,581
570,440,239 | 5,773,759 | 270,609 | 59,830
570,339,065 | 5,767,263 | 318,738 | 73,152
570,362,627 | 5,778,004 | 307,755 | 67,141
