Performance results for ./matrix/4.mtx | threads=4 | chunksize=1
L1-dcache-loads | L1-dcache-load-misses | LLC-loads | LLC-load-misses
68,888,518,733 | 436,323,170 | 26,761,066 | 6,480,519
68,888,821,756 | 435,104,440 | 33,032,045 | 20,589,700
68,889,124,258 | 433,401,603 | 34,852,288 | 21,712,531
68,888,536,887 | 438,636,324 | 40,482,095 | 28,926,740
68,889,426,755 | 433,716,694 | 27,982,031 | 11,104,877
68,888,512,994 | 426,267,177 | 25,325,285 | 4,899,550
68,888,520,294 | 436,286,908 | 26,791,708 | 6,572,879
68,888,516,268 | 437,059,157 | 26,771,900 | 6,348,431
68,889,425,067 | 437,713,547 | 28,458,799 | 11,761,862
68,889,424,825 | 438,810,931 | 28,441,421 | 11,734,734
