Performance results for ./matrix/4.mtx | threads=1 | chunksize=1
L1-dcache-loads | L1-dcache-load-misses | LLC-loads | LLC-load-misses
68,887,601,354 | 350,698,457 | 2,808,359 | 887,117
68,887,600,752 | 352,221,950 | 2,660,742 | 885,592
68,887,600,124 | 348,586,386 | 2,774,335 | 867,852
68,887,600,309 | 349,737,929 | 2,656,015 | 880,566
68,887,600,858 | 350,803,896 | 2,738,938 | 877,807
68,887,600,801 | 353,404,372 | 2,652,104 | 882,531
68,887,600,997 | 348,944,277 | 2,686,404 | 880,209
68,887,600,449 | 349,373,407 | 2,706,263 | 888,059
68,887,600,567 | 349,972,276 | 2,671,598 | 877,819
68,887,600,368 | 350,310,081 | 2,761,644 | 874,875
