Performance results for ./matrix/5.mtx | threads=16 | chunksize=100
L1-dcache-loads | L1-dcache-load-misses | LLC-loads | LLC-load-misses
121,111,009,716 | 461,424,263 | 52,101,477 | 35,437,944
121,107,350,629 | 452,494,345 | 51,402,053 | 36,434,954
121,107,386,265 | 458,564,739 | 52,470,243 | 38,488,721
121,107,406,227 | 462,130,936 | 51,278,754 | 38,089,553
121,107,383,894 | 464,226,608 | 53,015,142 | 38,978,072
121,107,439,968 | 469,058,879 | 55,941,954 | 40,697,854
121,107,339,082 | 443,970,917 | 41,872,533 | 31,330,434
121,107,398,024 | 457,141,129 | 49,324,487 | 37,480,923
121,107,397,518 | 460,837,026 | 51,155,633 | 37,447,536
121,107,457,424 | 463,475,069 | 52,416,271 | 38,168,905
