Performance results for ./matrix/4.mtx | threads=64 | chunksize=100
L1-dcache-loads | L1-dcache-load-misses | LLC-loads | LLC-load-misses
68,889,976,628 | 359,708,128 | 6,948,361 | 3,735,493
68,888,257,487 | 363,749,686 | 9,603,488 | 5,745,939
68,875,355,266 | 362,583,140 | 9,666,054 | 5,349,866
68,888,975,400 | 357,799,988 | 9,336,518 | 5,098,790
68,886,777,940 | 365,436,596 | 9,980,431 | 6,050,193
68,888,988,373 | 357,827,032 | 11,818,926 | 7,633,937
68,875,892,985 | 365,970,239 | 10,044,783 | 5,867,377
68,884,789,123 | 363,728,435 | 7,771,818 | 4,032,558
68,877,818,436 | 367,292,454 | 8,586,787 | 4,906,302
68,873,656,631 | 365,926,391 | 9,205,197 | 5,435,775
